0.250 0.250 0.250
0.230 0.250 0.250
0.230 0.250 0.253
0.230 0.250 0.233
0.230 0.253 0.233
0.230 0.255 0.233
0.230 0.235 0.233
0.210 0.235 0.233
0.210 0.235 0.235
0.210 0.235 0.238
0.210 0.235 0.240
0.210 0.235 0.243
0.210 0.235 0.245
0.210 0.235 0.248
0.210 0.235 0.250
0.210 0.235 0.253
0.210 0.235 0.255
0.210 0.235 0.258
0.210 0.235 0.260
0.210 0.235 0.263
0.210 0.235 0.265
0.210 0.235 0.268
0.210 0.235 0.270
0.210 0.235 0.273
0.210 0.235 0.275
0.210 0.235 0.278
0.210 0.235 0.280
0.210 0.235 0.283
0.210 0.235 0.285
0.210 0.235 0.288
0.210 0.235 0.290
0.210 0.235 0.270
0.190 0.235 0.270
0.190 0.215 0.270
0.193 0.215 0.270
0.195 0.215 0.270
0.175 0.215 0.270
0.175 0.195 0.270
0.175 0.195 0.273
0.175 0.195 0.275
0.175 0.195 0.278
0.175 0.195 0.280
0.175 0.195 0.283
0.175 0.195 0.285
0.175 0.195 0.288
0.175 0.195 0.290
0.175 0.195 0.293
0.175 0.195 0.295
0.175 0.195 0.298
0.175 0.195 0.300
0.175 0.195 0.303
0.175 0.195 0.305
0.175 0.195 0.308
0.175 0.195 0.310
0.175 0.195 0.313
0.175 0.195 0.315
0.175 0.195 0.318
0.175 0.195 0.320
0.175 0.195 0.323
0.175 0.195 0.325
0.175 0.195 0.328
0.175 0.195 0.330
0.175 0.195 0.333
0.175 0.195 0.335
0.175 0.195 0.315
0.175 0.175 0.315
0.175 0.175 0.318
0.175 0.175 0.320
0.175 0.175 0.323
0.175 0.175 0.325
0.175 0.175 0.328
0.175 0.175 0.330
0.175 0.175 0.333
0.175 0.175 0.335
0.175 0.175 0.338
0.175 0.175 0.340
0.175 0.175 0.343
0.175 0.175 0.345
0.175 0.175 0.325
0.175 0.178 0.325
0.175 0.180 0.325
0.175 0.183 0.325
0.175 0.185 0.325
0.175 0.188 0.325
0.175 0.190 0.325
0.175 0.193 0.325
0.175 0.195 0.325
0.175 0.198 0.325
0.175 0.200 0.325
0.175 0.203 0.325
0.175 0.205 0.325
0.175 0.185 0.325
0.175 0.185 0.305
0.178 0.185 0.305
0.180 0.185 0.305
0.183 0.185 0.305
0.163 0.185 0.305
0.163 0.185 0.308
0.163 0.185 0.310
0.163 0.185 0.313
0.163 0.185 0.315
0.163 0.185 0.318
0.163 0.185 0.320
0.163 0.185 0.323
0.163 0.185 0.325
0.163 0.185 0.328
0.163 0.185 0.330
0.163 0.185 0.333
0.163 0.185 0.313
0.143 0.185 0.313
0.143 0.185 0.315
0.143 0.185 0.318
0.143 0.185 0.320
0.143 0.185 0.323
0.143 0.185 0.325
0.143 0.185 0.328
0.143 0.185 0.330
0.143 0.185 0.333
0.143 0.185 0.335
0.143 0.185 0.338
0.143 0.185 0.340
0.143 0.185 0.343
0.143 0.185 0.345
0.143 0.185 0.348
0.143 0.185 0.350
0.143 0.185 0.353
0.143 0.185 0.355
0.143 0.185 0.358
0.143 0.185 0.360
0.143 0.185 0.363
0.143 0.185 0.365
0.143 0.185 0.368
0.143 0.185 0.370
0.143 0.185 0.373
0.143 0.185 0.375
0.143 0.185 0.378
0.143 0.185 0.380
0.143 0.185 0.383
0.143 0.185 0.385
0.143 0.185 0.388
0.143 0.185 0.390
0.143 0.185 0.393
0.143 0.185 0.395
0.143 0.185 0.398
0.143 0.185 0.400
0.143 0.185 0.403
0.143 0.185 0.405
0.143 0.185 0.408
0.143 0.185 0.410
0.143 0.185 0.413
0.143 0.185 0.415
0.143 0.185 0.418
0.143 0.185 0.420
0.143 0.185 0.423
0.143 0.185 0.425
0.143 0.185 0.428
0.143 0.185 0.430
0.143 0.185 0.433
0.143 0.185 0.435
0.143 0.185 0.438
0.143 0.185 0.440
0.143 0.185 0.443
0.143 0.185 0.445
0.143 0.185 0.448
0.143 0.185 0.450
0.143 0.185 0.453
0.143 0.185 0.455
0.143 0.185 0.458
0.143 0.185 0.460
0.143 0.185 0.463
0.143 0.185 0.465
0.143 0.185 0.468
0.143 0.185 0.470
0.143 0.185 0.473
0.143 0.185 0.475
0.143 0.185 0.478
0.143 0.185 0.480
0.143 0.185 0.483
0.143 0.185 0.485
0.143 0.185 0.488
0.143 0.185 0.490
0.143 0.185 0.493
0.143 0.185 0.495
0.143 0.185 0.498
0.143 0.185 0.500
0.143 0.185 0.503
0.143 0.185 0.505
0.143 0.185 0.508
0.143 0.185 0.510
0.143 0.185 0.512
0.143 0.185 0.515
0.143 0.185 0.517
0.143 0.185 0.520
0.143 0.185 0.522
0.143 0.185 0.525
0.143 0.185 0.527
0.143 0.185 0.530
0.143 0.185 0.532
0.143 0.185 0.535
0.143 0.185 0.537
0.143 0.185 0.540
0.143 0.185 0.542
0.143 0.185 0.545
0.143 0.185 0.547
0.143 0.185 0.550
0.143 0.185 0.552
0.143 0.185 0.555
0.143 0.185 0.557
0.143 0.185 0.560
0.143 0.185 0.562
0.143 0.185 0.565
0.143 0.185 0.545
0.143 0.165 0.545
0.145 0.165 0.545
0.148 0.165 0.545
0.150 0.165 0.545
0.130 0.165 0.545
0.130 0.165 0.547
0.130 0.165 0.550
0.130 0.165 0.552
0.130 0.165 0.555
0.130 0.165 0.557
0.130 0.165 0.560
0.130 0.165 0.562
0.130 0.165 0.565
0.130 0.165 0.567
0.130 0.165 0.570
0.130 0.165 0.572
0.130 0.165 0.575
0.130 0.165 0.577
0.130 0.165 0.580
0.130 0.165 0.582
0.130 0.165 0.585
0.130 0.165 0.587
0.130 0.165 0.590
0.130 0.165 0.592
0.130 0.165 0.595
0.130 0.165 0.597
0.130 0.165 0.600
0.130 0.165 0.602
0.130 0.165 0.605
0.130 0.165 0.607
0.130 0.165 0.610
0.130 0.165 0.612
0.130 0.165 0.615
0.130 0.165 0.617
0.130 0.165 0.620
0.130 0.165 0.622
0.130 0.165 0.625
0.130 0.165 0.627
0.130 0.165 0.630
0.130 0.165 0.632
0.130 0.165 0.635
0.130 0.165 0.637
0.130 0.165 0.640
0.130 0.165 0.642
0.130 0.165 0.622
0.133 0.165 0.622
0.113 0.165 0.622
0.113 0.165 0.625
0.113 0.165 0.627
0.113 0.165 0.630
0.113 0.165 0.632
0.113 0.165 0.635
0.113 0.165 0.637
0.113 0.165 0.640
0.113 0.165 0.642
0.113 0.165 0.645
0.113 0.165 0.647
0.113 0.165 0.650
0.113 0.165 0.652
0.113 0.165 0.655
0.113 0.165 0.635
0.113 0.168 0.635
0.113 0.170 0.635
0.113 0.150 0.635
0.113 0.150 0.637
0.113 0.150 0.640
0.113 0.150 0.642
0.113 0.150 0.645
0.113 0.150 0.647
0.113 0.150 0.650
0.113 0.150 0.652
0.113 0.150 0.655
0.113 0.150 0.657
0.113 0.150 0.660
0.113 0.150 0.662
0.113 0.150 0.665
0.113 0.150 0.667
0.113 0.150 0.670
0.113 0.150 0.650
0.115 0.150 0.650
0.095 0.150 0.650
0.095 0.153 0.650
0.095 0.155 0.650
0.095 0.158 0.650
0.095 0.160 0.650
0.095 0.163 0.650
0.095 0.165 0.650
0.095 0.168 0.650
0.095 0.170 0.650
0.095 0.150 0.650
0.095 0.150 0.652
0.095 0.150 0.655
0.095 0.150 0.657
0.095 0.150 0.660
0.095 0.150 0.662
0.095 0.150 0.665
0.095 0.150 0.667
0.095 0.150 0.670
0.095 0.150 0.672
0.095 0.150 0.675
0.095 0.150 0.677
0.095 0.150 0.680
0.095 0.150 0.682
0.095 0.150 0.685
0.095 0.150 0.687
0.095 0.150 0.690
0.095 0.150 0.692
0.095 0.150 0.695
0.095 0.150 0.675
0.095 0.153 0.675
0.095 0.155 0.675
0.095 0.158 0.675
0.095 0.160 0.675
0.095 0.163 0.675
0.095 0.165 0.675
0.095 0.168 0.675
0.095 0.170 0.675
0.095 0.173 0.675
0.095 0.175 0.675
0.095 0.155 0.675
0.075 0.155 0.675
0.075 0.155 0.677
0.075 0.155 0.680
0.075 0.155 0.682
0.075 0.155 0.685
0.075 0.155 0.687
0.075 0.155 0.690
0.075 0.155 0.692
0.075 0.155 0.695
0.075 0.155 0.697
0.075 0.155 0.700
0.075 0.155 0.702
0.075 0.155 0.705
0.075 0.155 0.707
0.075 0.155 0.687
0.075 0.158 0.687
0.075 0.160 0.687
0.075 0.163 0.687
0.075 0.165 0.687
0.075 0.168 0.687
0.075 0.170 0.687
0.075 0.173 0.687
0.075 0.175 0.687
0.075 0.178 0.687
0.075 0.180 0.687
0.075 0.183 0.687
0.075 0.185 0.687
0.075 0.188 0.687
0.075 0.190 0.687
0.075 0.170 0.687
0.055 0.170 0.687
0.055 0.170 0.690
0.055 0.170 0.692
0.055 0.170 0.695
0.055 0.170 0.697
0.055 0.170 0.700
0.055 0.170 0.702
0.055 0.170 0.705
0.055 0.170 0.707
0.055 0.170 0.710
0.055 0.170 0.712
0.055 0.170 0.715
0.055 0.170 0.717
0.055 0.170 0.720
0.055 0.170 0.722
0.055 0.170 0.725
0.055 0.170 0.705
0.035 0.170 0.705
0.035 0.173 0.705
0.035 0.175 0.705
0.035 0.178 0.705
0.035 0.180 0.705
0.035 0.183 0.705
0.035 0.185 0.705
0.035 0.188 0.705
0.035 0.190 0.705
0.035 0.193 0.705
0.035 0.195 0.705
0.035 0.198 0.705
0.035 0.178 0.705
0.015 0.178 0.705
0.015 0.180 0.705
0.015 0.183 0.705
0.015 0.185 0.705
0.015 0.165 0.705
0.015 0.165 0.707
0.015 0.165 0.710
0.015 0.165 0.712
0.015 0.165 0.715
0.015 0.165 0.717
0.015 0.165 0.720
0.015 0.165 0.722
0.015 0.165 0.725
0.015 0.165 0.727
0.015 0.165 0.730
0.015 0.165 0.732
0.015 0.165 0.735
0.015 0.165 0.737
0.015 0.165 0.740
0.015 0.165 0.742
0.015 0.165 0.745
0.015 0.165 0.747
0.015 0.165 0.750
0.015 0.165 0.752
0.015 0.165 0.755
0.015 0.165 0.757
0.015 0.165 0.760
0.015 0.165 0.762
0.015 0.165 0.765
0.015 0.165 0.767
0.015 0.165 0.770
0.015 0.165 0.772
0.015 0.165 0.775
0.015 0.165 0.777
0.015 0.165 0.780
0.015 0.165 0.782
0.015 0.165 0.785
0.015 0.165 0.787
0.015 0.165 0.790
0.015 0.165 0.792
0.015 0.165 0.795
0.015 0.165 0.797
0.015 0.165 0.800
0.015 0.165 0.802
0.015 0.165 0.805
0.015 0.165 0.807
0.015 0.165 0.810
0.015 0.165 0.790
0.015 0.168 0.790
0.015 0.170 0.790
0.015 0.173 0.790
0.015 0.175 0.790
0.015 0.178 0.790
0.015 0.180 0.790
0.015 0.183 0.790
0.015 0.185 0.790
0.015 0.188 0.790
0.015 0.190 0.790
0.015 0.193 0.790
0.015 0.173 0.790
-0.005 0.173 0.790
-0.005 0.175 0.790
-0.005 0.178 0.790
-0.005 0.180 0.790
-0.005 0.160 0.790
-0.002 0.160 0.790
0.000 0.160 0.790
0.003 0.160 0.790
0.005 0.160 0.790
-0.015 0.160 0.790
-0.015 0.160 0.792
-0.015 0.160 0.795
-0.015 0.160 0.797
-0.015 0.160 0.800
-0.015 0.160 0.802
-0.015 0.160 0.805
-0.015 0.160 0.807
-0.015 0.160 0.810
-0.015 0.160 0.812
-0.015 0.160 0.815
-0.015 0.160 0.817
-0.015 0.160 0.820
-0.015 0.160 0.822
-0.015 0.160 0.825
-0.015 0.160 0.827
-0.015 0.160 0.830
-0.015 0.160 0.832
-0.015 0.160 0.835
-0.015 0.160 0.837
-0.015 0.160 0.817
-0.015 0.140 0.817
-0.035 0.140 0.817
-0.035 0.143 0.817
-0.035 0.145 0.817
-0.035 0.125 0.817
-0.035 0.125 0.820
-0.035 0.125 0.822
-0.035 0.125 0.825
-0.035 0.125 0.827
-0.035 0.125 0.830
-0.035 0.125 0.832
-0.035 0.125 0.835
-0.035 0.125 0.837
-0.035 0.125 0.840
-0.035 0.125 0.842
-0.035 0.125 0.845
-0.035 0.125 0.847
-0.035 0.125 0.850
-0.035 0.125 0.852
-0.035 0.125 0.855
-0.035 0.125 0.857
-0.035 0.125 0.860
-0.035 0.125 0.862
-0.035 0.125 0.865
-0.035 0.125 0.867
-0.035 0.125 0.870
-0.035 0.125 0.872
-0.035 0.125 0.875
-0.035 0.125 0.877
-0.035 0.125 0.880
-0.035 0.125 0.882
-0.035 0.125 0.885
-0.035 0.125 0.887
-0.035 0.125 0.890
-0.035 0.125 0.892
-0.035 0.125 0.895
-0.035 0.125 0.897
-0.035 0.125 0.900
-0.035 0.125 0.902
-0.035 0.125 0.905
-0.035 0.125 0.907
-0.035 0.125 0.910
-0.035 0.125 0.912
-0.035 0.125 0.915
-0.035 0.125 0.917
-0.035 0.125 0.920
-0.035 0.125 0.922
-0.035 0.125 0.925
-0.035 0.125 0.927
-0.035 0.125 0.930
-0.035 0.125 0.932
-0.035 0.125 0.935
-0.035 0.125 0.937
-0.035 0.125 0.940
-0.035 0.125 0.942
-0.035 0.125 0.945
-0.035 0.125 0.947
-0.035 0.125 0.950
-0.035 0.125 0.952
-0.035 0.125 0.955
-0.035 0.125 0.957
-0.035 0.125 0.960
-0.035 0.125 0.962
-0.035 0.125 0.965
-0.035 0.125 0.967
-0.035 0.125 0.970
-0.035 0.125 0.972
-0.035 0.125 0.975
-0.035 0.125 0.977
-0.035 0.125 0.980
-0.035 0.125 0.982
-0.035 0.125 0.985
-0.035 0.125 0.987
-0.035 0.125 0.990
-0.035 0.125 0.992
-0.035 0.125 0.972
-0.035 0.128 0.972
-0.035 0.108 0.972
-0.055 0.108 0.972
-0.055 0.108 0.975
-0.055 0.108 0.977
-0.055 0.108 0.980
-0.055 0.108 0.982
-0.055 0.108 0.985
-0.055 0.108 0.987
-0.055 0.108 0.990
-0.055 0.108 0.992
-0.055 0.108 0.995
-0.055 0.108 0.997
-0.055 0.108 1.000
-0.055 0.108 1.002
-0.055 0.108 1.005
-0.055 0.108 1.007
-0.055 0.108 1.010
-0.055 0.108 1.012
-0.055 0.108 1.015
-0.055 0.108 1.017
-0.055 0.108 1.020
-0.055 0.108 1.022
-0.055 0.108 1.025
-0.055 0.108 1.027
-0.055 0.108 1.030
-0.055 0.108 1.032
-0.055 0.108 1.035
-0.055 0.108 1.037
-0.055 0.108 1.040
-0.055 0.108 1.020
-0.075 0.108 1.020
-0.075 0.110 1.020
-0.075 0.113 1.020
-0.075 0.115 1.020
-0.075 0.118 1.020
-0.075 0.120 1.020
-0.075 0.123 1.020
-0.075 0.125 1.020
-0.075 0.128 1.020
-0.075 0.130 1.020
-0.075 0.133 1.020
-0.075 0.135 1.020
-0.075 0.115 1.020
-0.095 0.115 1.020
-0.095 0.115 1.022
-0.095 0.115 1.025
-0.095 0.115 1.027
-0.095 0.115 1.030
-0.095 0.115 1.032
-0.095 0.115 1.035
-0.095 0.115 1.037
-0.095 0.115 1.040
-0.095 0.115 1.042
-0.095 0.115 1.045
-0.095 0.115 1.047
-0.095 0.115 1.050
-0.095 0.115 1.052
-0.095 0.115 1.055
-0.095 0.115 1.057
-0.095 0.115 1.037
-0.115 0.115 1.037
-0.115 0.118 1.037
-0.115 0.120 1.037
-0.115 0.123 1.037
-0.115 0.125 1.037
-0.115 0.128 1.037
-0.115 0.130 1.037
-0.115 0.133 1.037
-0.115 0.135 1.037
-0.115 0.138 1.037
-0.115 0.140 1.037
-0.115 0.143 1.037
-0.115 0.123 1.037
-0.135 0.123 1.037
-0.135 0.125 1.037
-0.135 0.128 1.037
-0.135 0.108 1.037
-0.155 0.108 1.037
-0.155 0.108 1.040
-0.155 0.108 1.042
-0.155 0.108 1.045
-0.155 0.108 1.047
-0.155 0.108 1.050
-0.155 0.108 1.052
-0.155 0.108 1.055
-0.155 0.108 1.057
-0.155 0.108 1.060
-0.155 0.108 1.040
-0.152 0.108 1.040
-0.172 0.108 1.040
-0.172 0.108 1.042
-0.172 0.108 1.045
-0.172 0.108 1.047
-0.172 0.108 1.050
-0.172 0.108 1.052
-0.172 0.108 1.055
-0.172 0.108 1.057
-0.172 0.108 1.060
-0.172 0.108 1.062
-0.172 0.108 1.065
-0.172 0.108 1.067
-0.172 0.108 1.070
-0.172 0.108 1.072
-0.172 0.108 1.052
-0.172 0.110 1.052
-0.172 0.113 1.052
-0.172 0.115 1.052
-0.172 0.095 1.052
-0.192 0.095 1.052
-0.192 0.098 1.052
-0.192 0.100 1.052
-0.192 0.103 1.052
-0.192 0.083 1.052
-0.190 0.083 1.052
-0.187 0.083 1.052
-0.185 0.083 1.052
-0.182 0.083 1.052
-0.180 0.083 1.052
-0.177 0.083 1.052
-0.197 0.083 1.052
-0.197 0.085 1.052
-0.197 0.088 1.052
-0.197 0.090 1.052
-0.197 0.093 1.052
-0.197 0.095 1.052
-0.197 0.098 1.052
-0.197 0.100 1.052
-0.197 0.103 1.052
-0.197 0.105 1.052
-0.197 0.108 1.052
-0.197 0.110 1.052
-0.197 0.113 1.052
-0.197 0.093 1.052
-0.217 0.093 1.052
-0.217 0.095 1.052
-0.217 0.098 1.052
-0.217 0.100 1.052
-0.217 0.080 1.052
-0.217 0.080 1.055
-0.217 0.080 1.057
-0.217 0.080 1.060
-0.217 0.080 1.062
-0.217 0.080 1.065
-0.217 0.080 1.067
-0.217 0.080 1.070
-0.217 0.080 1.072
-0.217 0.080 1.075
-0.217 0.080 1.077
-0.217 0.080 1.080
-0.217 0.080 1.082
-0.217 0.080 1.062
-0.217 0.083 1.062
-0.217 0.085 1.062
-0.217 0.088 1.062
-0.217 0.090 1.062
-0.217 0.093 1.062
-0.217 0.095 1.062
-0.217 0.098 1.062
-0.217 0.100 1.062
-0.217 0.103 1.062
-0.217 0.105 1.062
-0.217 0.108 1.062
-0.217 0.088 1.062
-0.215 0.088 1.062
-0.212 0.088 1.062
-0.210 0.088 1.062
-0.207 0.088 1.062
-0.227 0.088 1.062
-0.227 0.088 1.065
-0.227 0.088 1.067
-0.227 0.088 1.070
-0.227 0.088 1.072
-0.227 0.088 1.075
-0.227 0.088 1.077
-0.227 0.088 1.080
-0.227 0.088 1.082
-0.227 0.088 1.085
-0.227 0.088 1.087
-0.227 0.088 1.090
-0.227 0.088 1.092
-0.227 0.088 1.095
-0.227 0.088 1.075
-0.227 0.090 1.075
-0.227 0.093 1.075
-0.227 0.095 1.075
-0.227 0.098 1.075
-0.227 0.100 1.075
-0.227 0.103 1.075
-0.227 0.105 1.075
-0.227 0.108 1.075
-0.227 0.110 1.075
-0.227 0.113 1.075
-0.227 0.093 1.075
-0.227 0.093 1.077
-0.227 0.093 1.080
-0.227 0.093 1.082
-0.227 0.093 1.085
-0.227 0.093 1.087
-0.227 0.093 1.090
-0.227 0.093 1.092
-0.227 0.093 1.095
-0.227 0.093 1.097
-0.227 0.093 1.100
-0.227 0.093 1.102
-0.227 0.093 1.105
-0.227 0.093 1.107
-0.227 0.093 1.110
-0.227 0.093 1.112
-0.227 0.093 1.115
-0.227 0.093 1.117
-0.227 0.093 1.120
-0.227 0.093 1.122
-0.227 0.093 1.125
-0.227 0.093 1.127
-0.227 0.093 1.130
-0.227 0.093 1.132
-0.227 0.093 1.135
-0.227 0.093 1.137
-0.227 0.093 1.140
-0.227 0.093 1.142
-0.227 0.093 1.145
-0.227 0.093 1.147
-0.227 0.093 1.150
-0.227 0.093 1.152
-0.227 0.093 1.155
-0.227 0.093 1.135
-0.225 0.093 1.135
-0.245 0.093 1.135
-0.245 0.073 1.135
-0.242 0.073 1.135
-0.240 0.073 1.135
-0.237 0.073 1.135
-0.257 0.073 1.135
-0.257 0.053 1.135
-0.257 0.053 1.137
-0.257 0.053 1.140
-0.257 0.053 1.142
-0.257 0.053 1.145
-0.257 0.053 1.147
-0.257 0.053 1.150
-0.257 0.053 1.152
-0.257 0.053 1.155
-0.257 0.053 1.157
-0.257 0.053 1.160
-0.257 0.053 1.162
-0.257 0.053 1.165
-0.257 0.053 1.167
-0.257 0.053 1.170
-0.257 0.053 1.172
-0.257 0.053 1.175
-0.257 0.053 1.177
-0.257 0.053 1.180
-0.257 0.053 1.182
-0.257 0.053 1.185
-0.257 0.053 1.187
-0.257 0.053 1.167
-0.255 0.053 1.167
-0.275 0.053 1.167
-0.275 0.033 1.167
-0.272 0.033 1.167
-0.270 0.033 1.167
-0.267 0.033 1.167
-0.287 0.033 1.167
-0.287 0.033 1.170
-0.287 0.033 1.172
-0.287 0.033 1.175
-0.287 0.033 1.177
-0.287 0.033 1.180
-0.287 0.033 1.160
-0.287 0.035 1.160
-0.287 0.038 1.160
-0.287 0.040 1.160
-0.287 0.043 1.160
-0.287 0.045 1.160
-0.287 0.048 1.160
-0.287 0.050 1.160
-0.287 0.053 1.160
-0.287 0.055 1.160
-0.287 0.058 1.160
-0.287 0.060 1.160
-0.287 0.063 1.160
-0.287 0.065 1.160
-0.287 0.045 1.160
-0.287 0.045 1.162
-0.287 0.045 1.142
-0.285 0.045 1.142
-0.282 0.045 1.142
-0.302 0.045 1.142
-0.302 0.045 1.145
-0.302 0.045 1.147
-0.302 0.045 1.150
-0.302 0.045 1.152
-0.302 0.045 1.155
-0.302 0.045 1.157
-0.302 0.045 1.160
-0.302 0.045 1.162
-0.302 0.045 1.165
-0.302 0.045 1.167
-0.302 0.045 1.170
-0.302 0.045 1.150
-0.322 0.045 1.150
-0.322 0.048 1.150
-0.322 0.050 1.150
-0.322 0.053 1.150
-0.322 0.055 1.150
-0.322 0.058 1.150
-0.322 0.060 1.150
-0.322 0.063 1.150
-0.322 0.065 1.150
-0.322 0.068 1.150
-0.322 0.070 1.150
-0.322 0.073 1.150
-0.322 0.053 1.150
-0.320 0.053 1.150
-0.317 0.053 1.150
-0.315 0.053 1.150
-0.312 0.053 1.150
-0.332 0.053 1.150
-0.332 0.053 1.152
-0.332 0.053 1.155
-0.332 0.053 1.157
-0.332 0.053 1.160
-0.332 0.053 1.162
-0.332 0.053 1.165
-0.332 0.053 1.167
-0.332 0.053 1.170
-0.332 0.053 1.172
-0.332 0.053 1.175
-0.332 0.053 1.155
-0.352 0.053 1.155
-0.352 0.053 1.157
-0.352 0.053 1.160
-0.352 0.053 1.162
-0.352 0.053 1.165
-0.352 0.053 1.167
-0.352 0.053 1.170
-0.352 0.053 1.172
-0.352 0.053 1.175
-0.352 0.053 1.177
-0.352 0.053 1.180
-0.352 0.053 1.182
-0.352 0.053 1.185
-0.352 0.053 1.165
-0.352 0.033 1.165
-0.352 0.033 1.167
-0.352 0.033 1.170
-0.352 0.033 1.172
-0.352 0.033 1.175
-0.352 0.033 1.177
-0.352 0.033 1.180
-0.352 0.033 1.182
-0.352 0.033 1.185
-0.352 0.033 1.187
-0.352 0.033 1.190
-0.352 0.033 1.192
-0.352 0.033 1.195
-0.352 0.033 1.197
-0.352 0.033 1.200
-0.352 0.033 1.202
-0.352 0.033 1.205
-0.352 0.033 1.207
-0.352 0.033 1.210
-0.352 0.033 1.212
-0.352 0.033 1.215
-0.352 0.033 1.217
-0.352 0.033 1.220
-0.352 0.033 1.222
-0.352 0.033 1.225
-0.352 0.033 1.227
-0.352 0.033 1.230
-0.352 0.033 1.232
