1.000 -11.250 33.750 2.000 0.000
1.000 11.250 33.750 2.000 0.000
1.000 33.750 33.750 1.000 0.000
1.000 78.750 33.750 1.000 0.000
1.000 101.250 33.750 1.000 0.000
1.000 -11.250 56.250 2.000 0.000
1.000 11.250 56.250 1.000 2.000
1.000 33.750 56.250 1.000 2.000
1.000 56.250 56.250 1.000 2.000
1.000 101.250 56.250 1.000 2.000
1.000 -11.250 78.750 1.000 2.000
1.000 11.250 78.750 1.000 2.000
1.000 33.750 78.750 1.000 2.000
1.000 56.250 78.750 1.000 2.000
1.000 78.750 78.750 1.000 2.000
2.000 -11.250 11.250 2.000 2.000
2.000 11.250 11.250 2.000 2.000
2.000 56.250 11.250 2.000 2.000
2.000 78.750 11.250 2.000 2.000
2.000 101.250 11.250 2.000 2.000
2.000 -11.250 -11.250 2.000 2.000
2.000 33.750 -11.250 2.000 2.000
2.000 56.250 -11.250 2.000 2.000
2.000 78.750 -11.250 2.000 2.000
2.000 101.250 -11.250 2.000 2.000
2.000 11.250 -33.750 2.000 2.000
2.000 33.750 -33.750 2.000 2.000
2.000 56.250 -33.750 2.000 2.000
2.000 78.750 -33.750 2.000 2.000
2.000 101.250 -33.750 2.000 2.000
1.000 -11.250 33.750 1.000 2.000
1.000 11.250 33.750 1.000 2.000
1.000 33.750 33.750 1.000 2.000
1.000 78.750 33.750 1.000 2.000
1.000 101.250 33.750 1.000 2.000
1.000 -11.250 56.250 1.000 2.000
1.000 11.250 56.250 1.000 2.000
1.000 33.750 56.250 1.000 2.000
1.000 56.250 56.250 1.000 2.000
1.000 101.250 56.250 1.000 2.000
1.000 -11.250 78.750 1.000 2.000
1.000 11.250 78.750 1.000 2.000
1.000 33.750 78.750 1.000 2.000
1.000 56.250 78.750 1.000 2.000
1.000 78.750 78.750 1.000 2.000
2.000 -11.250 11.250 2.000 2.000
2.000 11.250 11.250 2.000 2.000
2.000 56.250 11.250 2.000 2.000
2.000 78.750 11.250 2.000 2.000
2.000 101.250 11.250 2.000 2.000
2.000 -11.250 -11.250 2.000 2.000
2.000 33.750 -11.250 2.000 2.000
2.000 56.250 -11.250 2.000 2.000
2.000 78.750 -11.250 2.000 2.000
2.000 101.250 -11.250 2.000 2.000
2.000 11.250 -33.750 2.000 2.000
2.000 33.750 -33.750 2.000 2.000
2.000 56.250 -33.750 2.000 2.000
2.000 78.750 -33.750 2.000 2.000
2.000 101.250 -33.750 2.000 2.000
1.000 -11.250 33.750 1.000 2.000
1.000 11.250 33.750 1.000 2.000
1.000 33.750 33.750 1.000 2.000
1.000 78.750 33.750 1.000 2.000
1.000 101.250 33.750 1.000 2.000
1.000 -11.250 56.250 1.000 2.000
1.000 11.250 56.250 1.000 2.000
1.000 33.750 56.250 1.000 2.000
1.000 56.250 56.250 1.000 2.000
1.000 101.250 56.250 1.000 2.000
1.000 -11.250 78.750 1.000 2.000
1.000 11.250 78.750 1.000 2.000
1.000 33.750 78.750 1.000 2.000
1.000 56.250 78.750 1.000 2.000
1.000 78.750 78.750 1.000 2.000
2.000 -11.250 11.250 2.000 2.000
2.000 11.250 11.250 2.000 2.000
2.000 56.250 11.250 2.000 2.000
2.000 78.750 11.250 2.000 2.000
2.000 101.250 11.250 2.000 2.000
2.000 -11.250 -11.250 2.000 2.000
2.000 33.750 -11.250 2.000 2.000
2.000 56.250 -11.250 2.000 2.000
2.000 78.750 -11.250 2.000 2.000
2.000 101.250 -11.250 2.000 2.000
2.000 11.250 -33.750 2.000 2.000
2.000 33.750 -33.750 2.000 2.000
2.000 56.250 -33.750 2.000 2.000
2.000 78.750 -33.750 2.000 2.000
2.000 101.250 -33.750 2.000 2.000
1.000 -11.250 33.750 1.000 2.000
1.000 11.250 33.750 1.000 2.000
1.000 33.750 33.750 1.000 2.000
1.000 78.750 33.750 1.000 2.000
1.000 101.250 33.750 1.000 2.000
1.000 -11.250 56.250 1.000 2.000
1.000 11.250 56.250 1.000 2.000
1.000 33.750 56.250 1.000 2.000
1.000 56.250 56.250 1.000 2.000
1.000 101.250 56.250 1.000 2.000
1.000 -11.250 78.750 1.000 2.000
1.000 11.250 78.750 1.000 2.000
1.000 33.750 78.750 1.000 2.000
1.000 56.250 78.750 1.000 2.000
1.000 78.750 78.750 1.000 2.000
2.000 -11.250 11.250 2.000 2.000
2.000 11.250 11.250 2.000 2.000
2.000 56.250 11.250 2.000 2.000
2.000 78.750 11.250 2.000 2.000
2.000 101.250 11.250 2.000 2.000
2.000 -11.250 -11.250 2.000 2.000
2.000 33.750 -11.250 2.000 2.000
2.000 56.250 -11.250 2.000 2.000
2.000 78.750 -11.250 2.000 2.000
2.000 101.250 -11.250 2.000 2.000
2.000 11.250 -33.750 2.000 2.000
2.000 33.750 -33.750 2.000 2.000
2.000 56.250 -33.750 2.000 2.000
2.000 78.750 -33.750 2.000 2.000
2.000 101.250 -33.750 2.000 2.000
1.000 -11.250 33.750 1.000 2.000
1.000 11.250 33.750 1.000 2.000
1.000 33.750 33.750 1.000 2.000
1.000 78.750 33.750 1.000 2.000
1.000 101.250 33.750 1.000 2.000
1.000 -11.250 56.250 1.000 2.000
1.000 11.250 56.250 1.000 2.000
1.000 33.750 56.250 1.000 2.000
1.000 56.250 56.250 1.000 2.000
1.000 101.250 56.250 1.000 2.000
1.000 -11.250 78.750 1.000 2.000
1.000 11.250 78.750 1.000 2.000
1.000 33.750 78.750 1.000 2.000
1.000 56.250 78.750 1.000 2.000
1.000 78.750 78.750 1.000 2.000
2.000 -11.250 11.250 2.000 2.000
2.000 11.250 11.250 2.000 2.000
2.000 56.250 11.250 2.000 2.000
2.000 78.750 11.250 2.000 2.000
2.000 101.250 11.250 2.000 2.000
2.000 -11.250 -11.250 2.000 2.000
2.000 33.750 -11.250 2.000 2.000
2.000 56.250 -11.250 2.000 2.000
2.000 78.750 -11.250 2.000 2.000
2.000 101.250 -11.250 2.000 2.000
2.000 11.250 -33.750 2.000 2.000
2.000 33.750 -33.750 2.000 2.000
2.000 56.250 -33.750 2.000 2.000
2.000 78.750 -33.750 2.000 2.000
2.000 101.250 -33.750 2.000 2.000
1.000 -11.250 33.750 1.000 2.000
1.000 11.250 33.750 1.000 2.000
1.000 33.750 33.750 1.000 2.000
1.000 78.750 33.750 1.000 2.000
1.000 101.250 33.750 1.000 2.000
1.000 -11.250 56.250 1.000 2.000
1.000 11.250 56.250 1.000 2.000
1.000 33.750 56.250 1.000 2.000
1.000 56.250 56.250 1.000 2.000
1.000 101.250 56.250 1.000 2.000
1.000 -11.250 78.750 1.000 2.000
1.000 11.250 78.750 1.000 2.000
1.000 33.750 78.750 1.000 2.000
1.000 56.250 78.750 1.000 2.000
1.000 78.750 78.750 1.000 2.000
2.000 -11.250 11.250 2.000 2.000
2.000 11.250 11.250 2.000 2.000
2.000 56.250 11.250 2.000 2.000
2.000 78.750 11.250 2.000 2.000
2.000 101.250 11.250 2.000 2.000
2.000 -11.250 -11.250 2.000 2.000
2.000 33.750 -11.250 2.000 2.000
2.000 56.250 -11.250 2.000 2.000
2.000 78.750 -11.250 2.000 2.000
2.000 101.250 -11.250 2.000 2.000
2.000 11.250 -33.750 2.000 2.000
2.000 33.750 -33.750 2.000 2.000
2.000 56.250 -33.750 2.000 2.000
2.000 78.750 -33.750 2.000 2.000
2.000 101.250 -33.750 2.000 2.000
1.000 -11.250 33.750 1.000 2.000
1.000 11.250 33.750 1.000 2.000
1.000 33.750 33.750 1.000 2.000
1.000 78.750 33.750 1.000 2.000
1.000 101.250 33.750 1.000 2.000
1.000 -11.250 56.250 1.000 2.000
1.000 11.250 56.250 1.000 2.000
1.000 33.750 56.250 1.000 2.000
1.000 56.250 56.250 1.000 2.000
1.000 101.250 56.250 1.000 2.000
1.000 -11.250 78.750 1.000 2.000
1.000 11.250 78.750 1.000 2.000
1.000 33.750 78.750 1.000 2.000
1.000 56.250 78.750 1.000 2.000
1.000 78.750 78.750 1.000 2.000
2.000 -11.250 11.250 2.000 2.000
2.000 11.250 11.250 2.000 2.000
2.000 56.250 11.250 2.000 2.000
2.000 78.750 11.250 2.000 2.000
2.000 101.250 11.250 2.000 2.000
2.000 -11.250 -11.250 2.000 2.000
2.000 33.750 -11.250 2.000 2.000
2.000 56.250 -11.250 2.000 2.000
2.000 78.750 -11.250 2.000 2.000
2.000 101.250 -11.250 2.000 2.000
2.000 11.250 -33.750 2.000 2.000
2.000 33.750 -33.750 2.000 2.000
2.000 56.250 -33.750 2.000 2.000
2.000 78.750 -33.750 2.000 2.000
2.000 101.250 -33.750 2.000 2.000
1.000 -11.250 33.750 1.000 2.000
1.000 11.250 33.750 1.000 2.000
1.000 33.750 33.750 1.000 2.000
1.000 78.750 33.750 1.000 2.000
1.000 101.250 33.750 1.000 2.000
1.000 -11.250 56.250 1.000 2.000
1.000 11.250 56.250 1.000 2.000
1.000 33.750 56.250 1.000 2.000
1.000 56.250 56.250 1.000 2.000
1.000 101.250 56.250 1.000 2.000
1.000 -11.250 78.750 1.000 2.000
1.000 11.250 78.750 1.000 2.000
1.000 33.750 78.750 1.000 2.000
1.000 56.250 78.750 1.000 2.000
1.000 78.750 78.750 1.000 2.000
2.000 -11.250 11.250 2.000 2.000
2.000 11.250 11.250 2.000 2.000
2.000 56.250 11.250 2.000 2.000
2.000 78.750 11.250 2.000 2.000
2.000 101.250 11.250 2.000 2.000
2.000 -11.250 -11.250 2.000 2.000
2.000 33.750 -11.250 2.000 2.000
2.000 56.250 -11.250 2.000 2.000
2.000 78.750 -11.250 2.000 2.000
2.000 101.250 -11.250 2.000 2.000
2.000 11.250 -33.750 2.000 2.000
2.000 33.750 -33.750 2.000 2.000
2.000 56.250 -33.750 2.000 2.000
2.000 78.750 -33.750 2.000 2.000
2.000 101.250 -33.750 2.000 2.000
1.000 -11.250 33.750 1.000 2.000
1.000 11.250 33.750 1.000 2.000
1.000 33.750 33.750 1.000 2.000
1.000 78.750 33.750 1.000 2.000
1.000 101.250 33.750 1.000 2.000
1.000 -11.250 56.250 1.000 2.000
1.000 11.250 56.250 1.000 2.000
1.000 33.750 56.250 1.000 2.000
1.000 56.250 56.250 1.000 2.000
1.000 101.250 56.250 1.000 2.000
1.000 -11.250 78.750 1.000 2.000
1.000 11.250 78.750 1.000 2.000
1.000 33.750 78.750 1.000 2.000
1.000 56.250 78.750 1.000 2.000
1.000 78.750 78.750 1.000 2.000
2.000 -11.250 11.250 2.000 2.000
2.000 11.250 11.250 2.000 2.000
2.000 56.250 11.250 2.000 2.000
2.000 78.750 11.250 2.000 2.000
2.000 101.250 11.250 2.000 2.000
2.000 -11.250 -11.250 2.000 2.000
2.000 33.750 -11.250 2.000 2.000
2.000 56.250 -11.250 2.000 2.000
2.000 78.750 -11.250 2.000 2.000
2.000 101.250 -11.250 2.000 2.000
2.000 11.250 -33.750 2.000 2.000
2.000 33.750 -33.750 2.000 2.000
2.000 56.250 -33.750 2.000 2.000
2.000 78.750 -33.750 2.000 2.000
2.000 101.250 -33.750 2.000 2.000
1.000 -11.250 33.750 1.000 2.000
1.000 11.250 33.750 1.000 2.000
1.000 33.750 33.750 1.000 2.000
1.000 78.750 33.750 1.000 2.000
1.000 101.250 33.750 1.000 2.000
1.000 -11.250 56.250 1.000 2.000
1.000 11.250 56.250 1.000 2.000
1.000 33.750 56.250 1.000 2.000
1.000 56.250 56.250 1.000 2.000
1.000 101.250 56.250 1.000 2.000
1.000 -11.250 78.750 1.000 2.000
1.000 11.250 78.750 1.000 2.000
1.000 33.750 78.750 1.000 2.000
1.000 56.250 78.750 1.000 2.000
1.000 78.750 78.750 1.000 2.000
2.000 -11.250 11.250 2.000 2.000
2.000 11.250 11.250 2.000 2.000
2.000 56.250 11.250 2.000 2.000
2.000 78.750 11.250 2.000 2.000
2.000 101.250 11.250 2.000 2.000
2.000 -11.250 -11.250 2.000 2.000
2.000 33.750 -11.250 2.000 2.000
2.000 56.250 -11.250 2.000 2.000
2.000 78.750 -11.250 2.000 2.000
2.000 101.250 -11.250 2.000 2.000
2.000 11.250 -33.750 2.000 2.000
2.000 33.750 -33.750 2.000 2.000
2.000 56.250 -33.750 2.000 2.000
2.000 78.750 -33.750 2.000 2.000
2.000 101.250 -33.750 2.000 2.000
1.000 -11.250 33.750 1.000 2.000
1.000 11.250 33.750 1.000 2.000
1.000 33.750 33.750 1.000 2.000
1.000 78.750 33.750 1.000 2.000
1.000 101.250 33.750 1.000 2.000
1.000 -11.250 56.250 1.000 2.000
1.000 11.250 56.250 1.000 2.000
1.000 33.750 56.250 1.000 2.000
1.000 56.250 56.250 1.000 2.000
1.000 101.250 56.250 1.000 2.000
1.000 -11.250 78.750 1.000 2.000
1.000 11.250 78.750 1.000 2.000
1.000 33.750 78.750 1.000 2.000
1.000 56.250 78.750 1.000 2.000
1.000 78.750 78.750 1.000 2.000
2.000 -11.250 11.250 2.000 2.000
2.000 11.250 11.250 2.000 2.000
2.000 56.250 11.250 2.000 2.000
2.000 78.750 11.250 2.000 2.000
2.000 101.250 11.250 2.000 2.000
2.000 -11.250 -11.250 2.000 2.000
2.000 33.750 -11.250 2.000 2.000
2.000 56.250 -11.250 2.000 2.000
2.000 78.750 -11.250 2.000 2.000
2.000 101.250 -11.250 2.000 2.000
2.000 11.250 -33.750 2.000 2.000
2.000 33.750 -33.750 2.000 2.000
2.000 56.250 -33.750 2.000 2.000
2.000 78.750 -33.750 2.000 2.000
2.000 101.250 -33.750 2.000 2.000
1.000 -11.250 33.750 1.000 2.000
1.000 11.250 33.750 1.000 2.000
1.000 33.750 33.750 1.000 2.000
1.000 78.750 33.750 1.000 2.000
1.000 101.250 33.750 1.000 2.000
1.000 -11.250 56.250 1.000 2.000
1.000 11.250 56.250 1.000 2.000
1.000 33.750 56.250 1.000 2.000
1.000 56.250 56.250 1.000 2.000
1.000 101.250 56.250 1.000 2.000
1.000 -11.250 78.750 1.000 2.000
1.000 11.250 78.750 1.000 2.000
1.000 33.750 78.750 1.000 2.000
1.000 56.250 78.750 1.000 2.000
1.000 78.750 78.750 1.000 2.000
2.000 -11.250 11.250 2.000 2.000
2.000 11.250 11.250 2.000 2.000
2.000 56.250 11.250 2.000 2.000
2.000 78.750 11.250 2.000 2.000
2.000 101.250 11.250 2.000 2.000
2.000 -11.250 -11.250 2.000 2.000
2.000 33.750 -11.250 2.000 2.000
2.000 56.250 -11.250 2.000 2.000
2.000 78.750 -11.250 2.000 2.000
2.000 101.250 -11.250 2.000 2.000
2.000 11.250 -33.750 2.000 2.000
2.000 33.750 -33.750 2.000 2.000
2.000 56.250 -33.750 2.000 2.000
2.000 78.750 -33.750 2.000 2.000
2.000 101.250 -33.750 2.000 2.000
1.000 -11.250 33.750 1.000 2.000
1.000 11.250 33.750 1.000 2.000
1.000 33.750 33.750 1.000 2.000
1.000 78.750 33.750 1.000 2.000
1.000 101.250 33.750 1.000 2.000
1.000 -11.250 56.250 1.000 2.000
1.000 11.250 56.250 1.000 2.000
1.000 33.750 56.250 1.000 2.000
1.000 56.250 56.250 1.000 2.000
1.000 101.250 56.250 1.000 2.000
1.000 -11.250 78.750 1.000 2.000
1.000 11.250 78.750 1.000 2.000
1.000 33.750 78.750 1.000 2.000
1.000 56.250 78.750 1.000 2.000
1.000 78.750 78.750 1.000 2.000
2.000 -11.250 11.250 2.000 2.000
2.000 11.250 11.250 2.000 2.000
2.000 56.250 11.250 2.000 2.000
2.000 78.750 11.250 2.000 2.000
2.000 101.250 11.250 2.000 2.000
2.000 -11.250 -11.250 2.000 2.000
2.000 33.750 -11.250 2.000 2.000
2.000 56.250 -11.250 2.000 2.000
2.000 78.750 -11.250 2.000 2.000
2.000 101.250 -11.250 2.000 2.000
2.000 11.250 -33.750 2.000 2.000
2.000 33.750 -33.750 2.000 2.000
2.000 56.250 -33.750 2.000 2.000
2.000 78.750 -33.750 2.000 2.000
2.000 101.250 -33.750 2.000 2.000
1.000 -11.250 33.750 1.000 2.000
1.000 11.250 33.750 1.000 2.000
1.000 33.750 33.750 1.000 2.000
1.000 78.750 33.750 1.000 2.000
1.000 101.250 33.750 1.000 2.000
1.000 -11.250 56.250 1.000 2.000
1.000 11.250 56.250 1.000 2.000
1.000 33.750 56.250 1.000 2.000
1.000 56.250 56.250 1.000 2.000
1.000 101.250 56.250 1.000 2.000
1.000 -11.250 78.750 1.000 2.000
1.000 11.250 78.750 1.000 2.000
1.000 33.750 78.750 1.000 2.000
1.000 56.250 78.750 1.000 2.000
1.000 78.750 78.750 1.000 2.000
2.000 -11.250 11.250 2.000 2.000
2.000 11.250 11.250 2.000 2.000
2.000 56.250 11.250 2.000 2.000
2.000 78.750 11.250 2.000 2.000
2.000 101.250 11.250 2.000 2.000
2.000 -11.250 -11.250 2.000 2.000
2.000 33.750 -11.250 2.000 2.000
2.000 56.250 -11.250 2.000 2.000
2.000 78.750 -11.250 2.000 2.000
2.000 101.250 -11.250 2.000 2.000
2.000 11.250 -33.750 2.000 2.000
2.000 33.750 -33.750 2.000 2.000
2.000 56.250 -33.750 2.000 2.000
2.000 78.750 -33.750 2.000 2.000
2.000 101.250 -33.750 2.000 2.000
1.000 -11.250 33.750 1.000 2.000
1.000 11.250 33.750 1.000 2.000
1.000 33.750 33.750 1.000 2.000
1.000 78.750 33.750 1.000 2.000
1.000 101.250 33.750 1.000 2.000
1.000 -11.250 56.250 1.000 2.000
1.000 11.250 56.250 1.000 2.000
1.000 33.750 56.250 1.000 2.000
1.000 56.250 56.250 1.000 2.000
1.000 101.250 56.250 1.000 2.000
1.000 -11.250 78.750 1.000 2.000
1.000 11.250 78.750 1.000 2.000
1.000 33.750 78.750 1.000 2.000
1.000 56.250 78.750 1.000 2.000
1.000 78.750 78.750 1.000 2.000
2.000 -11.250 11.250 2.000 2.000
2.000 11.250 11.250 2.000 2.000
2.000 56.250 11.250 2.000 2.000
2.000 78.750 11.250 2.000 2.000
2.000 101.250 11.250 2.000 2.000
2.000 -11.250 -11.250 2.000 2.000
2.000 33.750 -11.250 2.000 2.000
2.000 56.250 -11.250 2.000 2.000
2.000 78.750 -11.250 2.000 2.000
2.000 101.250 -11.250 2.000 2.000
2.000 11.250 -33.750 2.000 2.000
2.000 33.750 -33.750 2.000 2.000
2.000 56.250 -33.750 2.000 2.000
2.000 78.750 -33.750 2.000 2.000
2.000 101.250 -33.750 2.000 2.000
1.000 -11.250 33.750 1.000 2.000
1.000 11.250 33.750 1.000 2.000
1.000 33.750 33.750 1.000 2.000
1.000 78.750 33.750 1.000 2.000
1.000 101.250 33.750 1.000 2.000
1.000 -11.250 56.250 1.000 2.000
1.000 11.250 56.250 1.000 2.000
1.000 33.750 56.250 1.000 2.000
1.000 56.250 56.250 1.000 2.000
1.000 101.250 56.250 1.000 2.000
1.000 -11.250 78.750 1.000 2.000
1.000 11.250 78.750 1.000 2.000
1.000 33.750 78.750 1.000 2.000
1.000 56.250 78.750 1.000 2.000
1.000 78.750 78.750 1.000 2.000
2.000 -11.250 11.250 2.000 2.000
2.000 11.250 11.250 2.000 2.000
2.000 56.250 11.250 2.000 2.000
2.000 78.750 11.250 2.000 2.000
2.000 101.250 11.250 2.000 2.000
2.000 -11.250 -11.250 2.000 2.000
2.000 33.750 -11.250 2.000 2.000
2.000 56.250 -11.250 2.000 2.000
2.000 78.750 -11.250 2.000 2.000
2.000 101.250 -11.250 2.000 2.000
2.000 11.250 -33.750 2.000 2.000
2.000 33.750 -33.750 2.000 2.000
2.000 56.250 -33.750 2.000 2.000
2.000 78.750 -33.750 2.000 2.000
2.000 101.250 -33.750 2.000 2.000
1.000 -11.250 33.750 1.000 2.000
1.000 11.250 33.750 1.000 2.000
1.000 33.750 33.750 1.000 2.000
1.000 78.750 33.750 1.000 2.000
1.000 101.250 33.750 1.000 2.000
1.000 -11.250 56.250 1.000 2.000
1.000 11.250 56.250 1.000 2.000
1.000 33.750 56.250 1.000 2.000
1.000 56.250 56.250 1.000 2.000
1.000 101.250 56.250 1.000 2.000
1.000 -11.250 78.750 1.000 2.000
1.000 11.250 78.750 1.000 2.000
1.000 33.750 78.750 1.000 2.000
1.000 56.250 78.750 1.000 2.000
1.000 78.750 78.750 1.000 2.000
2.000 -11.250 11.250 2.000 2.000
2.000 11.250 11.250 2.000 2.000
2.000 56.250 11.250 2.000 2.000
2.000 78.750 11.250 2.000 2.000
2.000 101.250 11.250 2.000 2.000
2.000 -11.250 -11.250 2.000 2.000
2.000 33.750 -11.250 2.000 2.000
2.000 56.250 -11.250 2.000 2.000
2.000 78.750 -11.250 2.000 2.000
2.000 101.250 -11.250 2.000 2.000
2.000 11.250 -33.750 2.000 2.000
2.000 33.750 -33.750 2.000 2.000
2.000 56.250 -33.750 2.000 2.000
2.000 78.750 -33.750 2.000 2.000
2.000 101.250 -33.750 2.000 2.000
1.000 -11.250 33.750 1.000 2.000
1.000 11.250 33.750 1.000 2.000
1.000 33.750 33.750 1.000 2.000
1.000 78.750 33.750 1.000 2.000
1.000 101.250 33.750 1.000 2.000
1.000 -11.250 56.250 1.000 2.000
1.000 11.250 56.250 1.000 2.000
1.000 33.750 56.250 1.000 2.000
1.000 56.250 56.250 1.000 2.000
1.000 101.250 56.250 1.000 2.000
1.000 -11.250 78.750 1.000 2.000
1.000 11.250 78.750 1.000 2.000
1.000 33.750 78.750 1.000 2.000
1.000 56.250 78.750 1.000 2.000
1.000 78.750 78.750 1.000 2.000
2.000 -11.250 11.250 2.000 2.000
2.000 11.250 11.250 2.000 2.000
2.000 56.250 11.250 2.000 2.000
2.000 78.750 11.250 2.000 2.000
2.000 101.250 11.250 2.000 2.000
2.000 -11.250 -11.250 2.000 2.000
2.000 33.750 -11.250 2.000 2.000
2.000 56.250 -11.250 2.000 2.000
2.000 78.750 -11.250 2.000 2.000
2.000 101.250 -11.250 2.000 2.000
2.000 11.250 -33.750 2.000 2.000
2.000 33.750 -33.750 2.000 2.000
2.000 56.250 -33.750 2.000 2.000
2.000 78.750 -33.750 2.000 2.000
2.000 101.250 -33.750 2.000 2.000
1.000 -11.250 33.750 1.000 2.000
1.000 11.250 33.750 1.000 2.000
1.000 33.750 33.750 1.000 2.000
1.000 78.750 33.750 1.000 2.000
1.000 101.250 33.750 1.000 2.000
1.000 -11.250 56.250 1.000 2.000
1.000 11.250 56.250 1.000 2.000
1.000 33.750 56.250 1.000 2.000
1.000 56.250 56.250 1.000 2.000
1.000 101.250 56.250 1.000 2.000
1.000 -11.250 78.750 1.000 2.000
1.000 11.250 78.750 1.000 2.000
1.000 33.750 78.750 1.000 2.000
1.000 56.250 78.750 1.000 2.000
1.000 78.750 78.750 1.000 2.000
2.000 -11.250 11.250 2.000 2.000
2.000 11.250 11.250 2.000 2.000
2.000 56.250 11.250 2.000 2.000
2.000 78.750 11.250 2.000 2.000
2.000 101.250 11.250 2.000 2.000
2.000 -11.250 -11.250 2.000 2.000
2.000 33.750 -11.250 2.000 2.000
2.000 56.250 -11.250 2.000 2.000
2.000 78.750 -11.250 2.000 2.000
2.000 101.250 -11.250 2.000 2.000
2.000 11.250 -33.750 2.000 2.000
2.000 33.750 -33.750 2.000 2.000
2.000 56.250 -33.750 2.000 2.000
2.000 78.750 -33.750 2.000 2.000
2.000 101.250 -33.750 2.000 2.000
1.000 -11.250 33.750 1.000 2.000
1.000 11.250 33.750 1.000 2.000
1.000 33.750 33.750 1.000 2.000
1.000 78.750 33.750 1.000 2.000
1.000 101.250 33.750 1.000 2.000
1.000 -11.250 56.250 1.000 2.000
1.000 11.250 56.250 1.000 2.000
1.000 33.750 56.250 1.000 2.000
1.000 56.250 56.250 1.000 2.000
1.000 101.250 56.250 1.000 2.000
1.000 -11.250 78.750 1.000 2.000
1.000 11.250 78.750 1.000 2.000
1.000 33.750 78.750 1.000 2.000
1.000 56.250 78.750 1.000 2.000
1.000 78.750 78.750 1.000 2.000
2.000 -11.250 11.250 2.000 2.000
2.000 11.250 11.250 2.000 2.000
2.000 56.250 11.250 2.000 2.000
2.000 78.750 11.250 2.000 2.000
2.000 101.250 11.250 2.000 2.000
2.000 -11.250 -11.250 2.000 2.000
2.000 33.750 -11.250 2.000 2.000
2.000 56.250 -11.250 2.000 2.000
2.000 78.750 -11.250 2.000 2.000
2.000 101.250 -11.250 2.000 2.000
2.000 11.250 -33.750 2.000 2.000
2.000 33.750 -33.750 2.000 2.000
2.000 56.250 -33.750 2.000 2.000
2.000 78.750 -33.750 2.000 2.000
2.000 101.250 -33.750 2.000 2.000
1.000 -11.250 33.750 1.000 2.000
1.000 11.250 33.750 1.000 2.000
1.000 33.750 33.750 1.000 2.000
1.000 78.750 33.750 1.000 2.000
1.000 101.250 33.750 1.000 2.000
1.000 -11.250 56.250 1.000 2.000
1.000 11.250 56.250 1.000 2.000
1.000 33.750 56.250 1.000 2.000
1.000 56.250 56.250 1.000 2.000
1.000 101.250 56.250 1.000 2.000
1.000 -11.250 78.750 1.000 2.000
1.000 11.250 78.750 1.000 2.000
1.000 33.750 78.750 1.000 2.000
1.000 56.250 78.750 1.000 2.000
1.000 78.750 78.750 1.000 2.000
2.000 -11.250 11.250 2.000 2.000
2.000 11.250 11.250 2.000 2.000
2.000 56.250 11.250 2.000 2.000
2.000 78.750 11.250 2.000 2.000
2.000 101.250 11.250 2.000 2.000
2.000 -11.250 -11.250 2.000 2.000
2.000 33.750 -11.250 2.000 2.000
2.000 56.250 -11.250 2.000 2.000
2.000 78.750 -11.250 2.000 2.000
2.000 101.250 -11.250 2.000 2.000
2.000 11.250 -33.750 2.000 2.000
2.000 33.750 -33.750 2.000 2.000
2.000 56.250 -33.750 2.000 2.000
2.000 78.750 -33.750 2.000 2.000
2.000 101.250 -33.750 2.000 2.000
1.000 -11.250 33.750 1.000 2.000
1.000 11.250 33.750 1.000 2.000
1.000 33.750 33.750 1.000 2.000
1.000 78.750 33.750 1.000 2.000
1.000 101.250 33.750 1.000 2.000
1.000 -11.250 56.250 1.000 2.000
1.000 11.250 56.250 1.000 2.000
1.000 33.750 56.250 1.000 2.000
1.000 56.250 56.250 1.000 2.000
1.000 101.250 56.250 1.000 2.000
1.000 -11.250 78.750 1.000 2.000
1.000 11.250 78.750 1.000 2.000
1.000 33.750 78.750 1.000 2.000
1.000 56.250 78.750 1.000 2.000
1.000 78.750 78.750 1.000 2.000
2.000 -11.250 11.250 2.000 2.000
2.000 11.250 11.250 2.000 2.000
2.000 56.250 11.250 2.000 2.000
2.000 78.750 11.250 2.000 2.000
2.000 101.250 11.250 2.000 2.000
2.000 -11.250 -11.250 2.000 2.000
2.000 33.750 -11.250 2.000 2.000
2.000 56.250 -11.250 2.000 2.000
2.000 78.750 -11.250 2.000 2.000
2.000 101.250 -11.250 2.000 2.000
2.000 11.250 -33.750 2.000 2.000
2.000 33.750 -33.750 2.000 2.000
2.000 56.250 -33.750 2.000 2.000
2.000 78.750 -33.750 2.000 2.000
2.000 101.250 -33.750 2.000 2.000
1.000 -11.250 33.750 1.000 2.000
1.000 11.250 33.750 1.000 2.000
1.000 33.750 33.750 1.000 2.000
1.000 78.750 33.750 1.000 2.000
1.000 101.250 33.750 1.000 2.000
1.000 -11.250 56.250 1.000 2.000
1.000 11.250 56.250 1.000 2.000
1.000 33.750 56.250 1.000 2.000
1.000 56.250 56.250 1.000 2.000
1.000 101.250 56.250 1.000 2.000
1.000 -11.250 78.750 1.000 2.000
1.000 11.250 78.750 1.000 2.000
1.000 33.750 78.750 1.000 2.000
1.000 56.250 78.750 1.000 2.000
1.000 78.750 78.750 1.000 2.000
2.000 -11.250 11.250 2.000 2.000
2.000 11.250 11.250 2.000 2.000
2.000 56.250 11.250 2.000 2.000
2.000 78.750 11.250 2.000 2.000
2.000 101.250 11.250 2.000 2.000
2.000 -11.250 -11.250 2.000 2.000
2.000 33.750 -11.250 2.000 2.000
2.000 56.250 -11.250 2.000 2.000
2.000 78.750 -11.250 2.000 2.000
2.000 101.250 -11.250 2.000 2.000
2.000 11.250 -33.750 2.000 2.000
2.000 33.750 -33.750 2.000 2.000
2.000 56.250 -33.750 2.000 2.000
2.000 78.750 -33.750 2.000 2.000
2.000 101.250 -33.750 2.000 2.000
1.000 -11.250 33.750 1.000 2.000
1.000 11.250 33.750 1.000 2.000
1.000 33.750 33.750 1.000 2.000
1.000 78.750 33.750 1.000 2.000
1.000 101.250 33.750 1.000 2.000
1.000 -11.250 56.250 1.000 2.000
1.000 11.250 56.250 1.000 2.000
1.000 33.750 56.250 1.000 2.000
1.000 56.250 56.250 1.000 2.000
1.000 101.250 56.250 1.000 2.000
1.000 -11.250 78.750 1.000 2.000
1.000 11.250 78.750 1.000 2.000
1.000 33.750 78.750 1.000 2.000
1.000 56.250 78.750 1.000 2.000
1.000 78.750 78.750 1.000 2.000
2.000 -11.250 11.250 2.000 2.000
2.000 11.250 11.250 2.000 2.000
2.000 56.250 11.250 2.000 2.000
2.000 78.750 11.250 2.000 2.000
2.000 101.250 11.250 2.000 2.000
2.000 -11.250 -11.250 2.000 2.000
2.000 33.750 -11.250 2.000 2.000
2.000 56.250 -11.250 2.000 2.000
2.000 78.750 -11.250 2.000 2.000
2.000 101.250 -11.250 2.000 2.000
2.000 11.250 -33.750 2.000 2.000
2.000 33.750 -33.750 2.000 2.000
2.000 56.250 -33.750 2.000 2.000
2.000 78.750 -33.750 2.000 2.000
2.000 101.250 -33.750 2.000 2.000
1.000 -11.250 33.750 1.000 2.000
1.000 11.250 33.750 1.000 2.000
1.000 33.750 33.750 1.000 2.000
1.000 78.750 33.750 1.000 2.000
1.000 101.250 33.750 1.000 2.000
1.000 -11.250 56.250 1.000 2.000
1.000 11.250 56.250 1.000 2.000
1.000 33.750 56.250 1.000 2.000
1.000 56.250 56.250 1.000 2.000
1.000 101.250 56.250 1.000 2.000
1.000 -11.250 78.750 1.000 2.000
1.000 11.250 78.750 1.000 2.000
1.000 33.750 78.750 1.000 2.000
1.000 56.250 78.750 1.000 2.000
1.000 78.750 78.750 1.000 2.000
2.000 -11.250 11.250 2.000 2.000
2.000 11.250 11.250 2.000 2.000
2.000 56.250 11.250 2.000 2.000
2.000 78.750 11.250 2.000 2.000
2.000 101.250 11.250 2.000 2.000
2.000 -11.250 -11.250 2.000 2.000
2.000 33.750 -11.250 2.000 2.000
2.000 56.250 -11.250 2.000 2.000
2.000 78.750 -11.250 2.000 2.000
2.000 101.250 -11.250 2.000 2.000
2.000 11.250 -33.750 2.000 2.000
2.000 33.750 -33.750 2.000 2.000
2.000 56.250 -33.750 2.000 2.000
2.000 78.750 -33.750 2.000 2.000
2.000 101.250 -33.750 2.000 2.000
1.000 -11.250 33.750 1.000 2.000
1.000 11.250 33.750 1.000 2.000
1.000 33.750 33.750 1.000 2.000
1.000 78.750 33.750 1.000 2.000
1.000 101.250 33.750 1.000 2.000
1.000 -11.250 56.250 1.000 2.000
1.000 11.250 56.250 1.000 2.000
1.000 33.750 56.250 1.000 2.000
1.000 56.250 56.250 1.000 2.000
1.000 101.250 56.250 1.000 2.000
1.000 -11.250 78.750 1.000 2.000
1.000 11.250 78.750 1.000 2.000
1.000 33.750 78.750 1.000 2.000
1.000 56.250 78.750 1.000 2.000
1.000 78.750 78.750 1.000 2.000
2.000 -11.250 11.250 2.000 2.000
2.000 11.250 11.250 2.000 2.000
2.000 56.250 11.250 2.000 2.000
2.000 78.750 11.250 2.000 2.000
2.000 101.250 11.250 2.000 2.000
2.000 -11.250 -11.250 2.000 2.000
2.000 33.750 -11.250 2.000 2.000
2.000 56.250 -11.250 2.000 2.000
2.000 78.750 -11.250 2.000 2.000
2.000 101.250 -11.250 2.000 2.000
2.000 11.250 -33.750 2.000 2.000
2.000 33.750 -33.750 2.000 2.000
2.000 56.250 -33.750 2.000 2.000
2.000 78.750 -33.750 2.000 2.000
2.000 101.250 -33.750 2.000 2.000
1.000 -11.250 33.750 1.000 2.000
1.000 11.250 33.750 1.000 2.000
1.000 33.750 33.750 1.000 2.000
1.000 78.750 33.750 1.000 2.000
1.000 101.250 33.750 1.000 2.000
1.000 -11.250 56.250 1.000 2.000
1.000 11.250 56.250 1.000 2.000
1.000 33.750 56.250 1.000 2.000
1.000 56.250 56.250 1.000 2.000
1.000 101.250 56.250 1.000 2.000
1.000 -11.250 78.750 1.000 2.000
1.000 11.250 78.750 1.000 2.000
1.000 33.750 78.750 1.000 2.000
1.000 56.250 78.750 1.000 2.000
1.000 78.750 78.750 1.000 2.000
2.000 -11.250 11.250 2.000 2.000
2.000 11.250 11.250 2.000 2.000
2.000 56.250 11.250 2.000 2.000
2.000 78.750 11.250 2.000 2.000
2.000 101.250 11.250 2.000 2.000
2.000 -11.250 -11.250 2.000 2.000
2.000 33.750 -11.250 2.000 2.000
2.000 56.250 -11.250 2.000 2.000
2.000 78.750 -11.250 2.000 2.000
2.000 101.250 -11.250 2.000 2.000
2.000 11.250 -33.750 2.000 2.000
2.000 33.750 -33.750 2.000 2.000
2.000 56.250 -33.750 2.000 2.000
2.000 78.750 -33.750 2.000 2.000
2.000 101.250 -33.750 2.000 2.000
1.000 -11.250 33.750 1.000 2.000
1.000 11.250 33.750 1.000 2.000
1.000 33.750 33.750 1.000 2.000
1.000 78.750 33.750 1.000 2.000
1.000 101.250 33.750 1.000 2.000
1.000 -11.250 56.250 1.000 2.000
1.000 11.250 56.250 1.000 2.000
1.000 33.750 56.250 1.000 2.000
1.000 56.250 56.250 1.000 2.000
1.000 101.250 56.250 1.000 2.000
1.000 -11.250 78.750 1.000 2.000
1.000 11.250 78.750 1.000 2.000
1.000 33.750 78.750 1.000 2.000
1.000 56.250 78.750 1.000 2.000
1.000 78.750 78.750 1.000 2.000
2.000 -11.250 11.250 2.000 2.000
2.000 11.250 11.250 2.000 2.000
2.000 56.250 11.250 2.000 2.000
2.000 78.750 11.250 2.000 2.000
2.000 101.250 11.250 2.000 2.000
2.000 -11.250 -11.250 2.000 2.000
2.000 33.750 -11.250 2.000 2.000
2.000 56.250 -11.250 2.000 2.000
2.000 78.750 -11.250 2.000 2.000
2.000 101.250 -11.250 2.000 2.000
2.000 11.250 -33.750 2.000 2.000
2.000 33.750 -33.750 2.000 2.000
2.000 56.250 -33.750 2.000 2.000
2.000 78.750 -33.750 2.000 2.000
2.000 101.250 -33.750 2.000 2.000
1.000 -11.250 33.750 1.000 2.000
1.000 11.250 33.750 1.000 2.000
1.000 33.750 33.750 1.000 2.000
1.000 78.750 33.750 1.000 2.000
1.000 101.250 33.750 1.000 2.000
1.000 -11.250 56.250 1.000 2.000
1.000 11.250 56.250 1.000 2.000
1.000 33.750 56.250 1.000 2.000
1.000 56.250 56.250 1.000 2.000
1.000 101.250 56.250 1.000 2.000
1.000 -11.250 78.750 1.000 2.000
1.000 11.250 78.750 1.000 2.000
1.000 33.750 78.750 1.000 2.000
1.000 56.250 78.750 1.000 2.000
1.000 78.750 78.750 1.000 2.000
2.000 -11.250 11.250 2.000 2.000
2.000 11.250 11.250 2.000 2.000
2.000 56.250 11.250 2.000 2.000
2.000 78.750 11.250 2.000 2.000
2.000 101.250 11.250 2.000 2.000
2.000 -11.250 -11.250 2.000 2.000
2.000 33.750 -11.250 2.000 2.000
2.000 56.250 -11.250 2.000 2.000
2.000 78.750 -11.250 2.000 2.000
2.000 101.250 -11.250 2.000 2.000
2.000 11.250 -33.750 2.000 2.000
2.000 33.750 -33.750 2.000 2.000
2.000 56.250 -33.750 2.000 2.000
2.000 78.750 -33.750 2.000 2.000
2.000 101.250 -33.750 2.000 2.000
1.000 -11.250 33.750 1.000 2.000
1.000 11.250 33.750 1.000 2.000
1.000 33.750 33.750 1.000 2.000
1.000 78.750 33.750 1.000 2.000
1.000 101.250 33.750 1.000 2.000
1.000 -11.250 56.250 1.000 2.000
1.000 11.250 56.250 1.000 2.000
1.000 33.750 56.250 1.000 2.000
1.000 56.250 56.250 1.000 2.000
1.000 101.250 56.250 1.000 2.000
1.000 -11.250 78.750 1.000 2.000
1.000 11.250 78.750 1.000 2.000
1.000 33.750 78.750 1.000 2.000
1.000 56.250 78.750 1.000 2.000
1.000 78.750 78.750 1.000 2.000
2.000 -11.250 11.250 2.000 2.000
2.000 11.250 11.250 2.000 2.000
2.000 56.250 11.250 2.000 2.000
2.000 78.750 11.250 2.000 2.000
2.000 101.250 11.250 2.000 2.000
2.000 -11.250 -11.250 2.000 2.000
2.000 33.750 -11.250 2.000 2.000
2.000 56.250 -11.250 2.000 2.000
2.000 78.750 -11.250 2.000 2.000
2.000 101.250 -11.250 2.000 2.000
2.000 11.250 -33.750 2.000 2.000
2.000 33.750 -33.750 2.000 2.000
2.000 56.250 -33.750 2.000 2.000
2.000 78.750 -33.750 2.000 2.000
2.000 101.250 -33.750 2.000 2.000
1.000 -11.250 33.750 1.000 2.000
1.000 11.250 33.750 1.000 2.000
1.000 33.750 33.750 1.000 2.000
1.000 78.750 33.750 1.000 2.000
1.000 101.250 33.750 1.000 2.000
1.000 -11.250 56.250 1.000 2.000
1.000 11.250 56.250 1.000 2.000
1.000 33.750 56.250 1.000 2.000
1.000 56.250 56.250 1.000 2.000
1.000 101.250 56.250 1.000 2.000
1.000 -11.250 78.750 1.000 2.000
1.000 11.250 78.750 1.000 2.000
1.000 33.750 78.750 1.000 2.000
1.000 56.250 78.750 1.000 2.000
1.000 78.750 78.750 1.000 2.000
2.000 -11.250 11.250 2.000 2.000
2.000 11.250 11.250 2.000 2.000
2.000 56.250 11.250 2.000 2.000
2.000 78.750 11.250 2.000 2.000
2.000 101.250 11.250 2.000 2.000
2.000 -11.250 -11.250 2.000 2.000
2.000 33.750 -11.250 2.000 2.000
2.000 56.250 -11.250 2.000 2.000
2.000 78.750 -11.250 2.000 2.000
2.000 101.250 -11.250 2.000 2.000
2.000 11.250 -33.750 2.000 2.000
2.000 33.750 -33.750 2.000 2.000
2.000 56.250 -33.750 2.000 2.000
2.000 78.750 -33.750 2.000 2.000
2.000 101.250 -33.750 2.000 2.000
