0.250 0.250 0.250
0.253 0.250 0.250
0.233 0.250 0.250
0.233 0.253 0.250
0.233 0.233 0.250
0.235 0.233 0.250
0.238 0.233 0.250
0.218 0.233 0.250
0.218 0.233 0.253
0.218 0.233 0.233
0.218 0.213 0.233
0.218 0.213 0.235
0.218 0.213 0.238
0.218 0.213 0.240
0.218 0.213 0.220
0.218 0.215 0.220
0.218 0.195 0.220
0.198 0.195 0.220
0.198 0.195 0.200
0.198 0.198 0.200
0.198 0.200 0.200
0.198 0.203 0.200
0.198 0.205 0.200
0.198 0.208 0.200
0.198 0.210 0.200
0.198 0.213 0.200
0.198 0.215 0.200
0.198 0.218 0.200
0.198 0.220 0.200
0.198 0.200 0.200
0.198 0.200 0.203
0.198 0.200 0.205
0.198 0.200 0.185
0.178 0.200 0.185
0.178 0.200 0.188
0.178 0.200 0.190
0.178 0.200 0.193
0.178 0.200 0.195
0.178 0.200 0.198
0.178 0.200 0.178
0.178 0.180 0.178
0.178 0.180 0.180
0.178 0.180 0.183
0.178 0.180 0.163
0.178 0.160 0.163
0.180 0.160 0.163
0.160 0.160 0.163
0.160 0.140 0.163
0.160 0.140 0.143
0.140 0.140 0.143
0.140 0.140 0.145
0.140 0.140 0.125
0.140 0.143 0.125
0.140 0.123 0.125
0.143 0.123 0.125
0.123 0.123 0.125
0.123 0.125 0.125
0.123 0.128 0.125
0.123 0.108 0.125
0.123 0.108 0.128
0.123 0.108 0.108
0.103 0.108 0.108
0.103 0.088 0.108
0.103 0.088 0.088
0.105 0.088 0.088
0.108 0.088 0.088
0.110 0.088 0.088
0.090 0.088 0.088
0.090 0.088 0.090
0.090 0.088 0.070
0.093 0.088 0.070
0.073 0.088 0.070
0.073 0.088 0.073
0.073 0.088 0.075
0.073 0.088 0.078
0.073 0.088 0.080
0.073 0.088 0.083
0.073 0.088 0.063
0.073 0.068 0.063
0.075 0.068 0.063
0.055 0.068 0.063
0.055 0.068 0.043
0.035 0.068 0.043
0.035 0.048 0.043
0.015 0.048 0.043
0.015 0.048 0.023
-0.005 0.048 0.023
-0.005 0.048 0.003
-0.005 0.050 0.003
-0.005 0.030 0.003
-0.005 0.030 0.005
-0.005 0.030 0.008
-0.005 0.030 0.010
-0.005 0.030 0.013
-0.005 0.030 0.015
-0.005 0.030 0.018
-0.005 0.030 -0.002
-0.025 0.030 -0.002
-0.025 0.010 -0.002
-0.025 0.010 0.000
-0.025 0.010 0.003
-0.025 0.010 0.005
-0.025 0.010 0.008
-0.025 0.010 0.010
-0.025 0.010 0.013
-0.025 0.010 -0.007
-0.045 0.010 -0.007
-0.045 0.013 -0.007
-0.045 -0.007 -0.007
-0.045 -0.007 -0.005
-0.045 -0.007 -0.025
-0.042 -0.007 -0.025
-0.040 -0.007 -0.025
-0.060 -0.007 -0.025
-0.060 -0.005 -0.025
-0.060 -0.002 -0.025
-0.060 0.000 -0.025
-0.060 0.003 -0.025
-0.060 0.005 -0.025
-0.060 0.008 -0.025
-0.060 -0.012 -0.025
-0.080 -0.012 -0.025
-0.080 -0.012 -0.045
-0.100 -0.012 -0.045
-0.100 -0.010 -0.045
-0.100 -0.007 -0.045
-0.100 -0.027 -0.045
-0.120 -0.027 -0.045
-0.120 -0.027 -0.042
-0.120 -0.027 -0.040
-0.120 -0.027 -0.037
-0.120 -0.027 -0.035
-0.120 -0.027 -0.055
-0.120 -0.047 -0.055
-0.117 -0.047 -0.055
-0.115 -0.047 -0.055
-0.112 -0.047 -0.055
-0.132 -0.047 -0.055
-0.132 -0.067 -0.055
-0.152 -0.067 -0.055
-0.152 -0.065 -0.055
-0.152 -0.062 -0.055
-0.152 -0.060 -0.055
-0.152 -0.057 -0.055
-0.152 -0.055 -0.055
-0.152 -0.052 -0.055
-0.152 -0.050 -0.055
-0.152 -0.047 -0.055
-0.152 -0.045 -0.055
-0.152 -0.042 -0.055
-0.152 -0.062 -0.055
-0.172 -0.062 -0.055
-0.172 -0.082 -0.055
-0.172 -0.082 -0.052
-0.172 -0.082 -0.072
-0.172 -0.080 -0.072
-0.172 -0.100 -0.072
-0.170 -0.100 -0.072
-0.190 -0.100 -0.072
-0.190 -0.100 -0.070
-0.190 -0.100 -0.067
-0.190 -0.100 -0.065
-0.190 -0.100 -0.062
-0.190 -0.100 -0.082
-0.190 -0.097 -0.082
-0.190 -0.095 -0.082
-0.190 -0.092 -0.082
-0.190 -0.090 -0.082
-0.190 -0.110 -0.082
-0.210 -0.110 -0.082
-0.210 -0.110 -0.080
-0.210 -0.110 -0.077
-0.210 -0.110 -0.075
-0.210 -0.110 -0.095
-0.210 -0.107 -0.095
-0.210 -0.105 -0.095
-0.210 -0.102 -0.095
-0.210 -0.100 -0.095
-0.210 -0.097 -0.095
-0.210 -0.095 -0.095
-0.210 -0.092 -0.095
-0.210 -0.090 -0.095
-0.210 -0.110 -0.095
-0.207 -0.110 -0.095
-0.205 -0.110 -0.095
-0.202 -0.110 -0.095
-0.200 -0.110 -0.095
-0.220 -0.110 -0.095
-0.220 -0.110 -0.115
-0.217 -0.110 -0.115
-0.215 -0.110 -0.115
-0.212 -0.110 -0.115
-0.232 -0.110 -0.115
-0.232 -0.110 -0.112
-0.232 -0.110 -0.110
-0.232 -0.110 -0.107
-0.232 -0.110 -0.127
-0.232 -0.107 -0.127
-0.232 -0.127 -0.127
-0.230 -0.127 -0.127
-0.250 -0.127 -0.127
-0.250 -0.127 -0.147
-0.250 -0.147 -0.147
-0.250 -0.147 -0.167
-0.270 -0.147 -0.167
-0.270 -0.147 -0.165
-0.270 -0.147 -0.185
-0.270 -0.145 -0.185
-0.270 -0.142 -0.185
-0.270 -0.162 -0.185
-0.270 -0.162 -0.182
-0.270 -0.162 -0.202
-0.270 -0.182 -0.202
-0.267 -0.182 -0.202
-0.265 -0.182 -0.202
-0.262 -0.182 -0.202
-0.282 -0.182 -0.202
-0.282 -0.182 -0.222
-0.302 -0.182 -0.222
-0.302 -0.182 -0.220
-0.302 -0.182 -0.217
-0.302 -0.182 -0.215
-0.302 -0.182 -0.212
-0.302 -0.182 -0.210
-0.302 -0.182 -0.230
-0.302 -0.180 -0.230
-0.302 -0.177 -0.230
-0.302 -0.197 -0.230
-0.302 -0.197 -0.227
-0.302 -0.197 -0.225
-0.302 -0.197 -0.222
-0.302 -0.197 -0.220
-0.302 -0.197 -0.217
-0.302 -0.197 -0.237
-0.302 -0.195 -0.237
-0.302 -0.192 -0.237
-0.302 -0.190 -0.237
-0.302 -0.210 -0.237
-0.322 -0.210 -0.237
-0.322 -0.207 -0.237
-0.322 -0.205 -0.237
-0.322 -0.225 -0.237
-0.322 -0.225 -0.257
-0.342 -0.225 -0.257
-0.342 -0.225 -0.255
-0.342 -0.225 -0.252
-0.342 -0.225 -0.272
-0.362 -0.225 -0.272
-0.362 -0.225 -0.292
-0.362 -0.245 -0.292
-0.362 -0.245 -0.290
-0.362 -0.245 -0.287
-0.362 -0.245 -0.285
-0.362 -0.245 -0.282
-0.362 -0.245 -0.280
-0.362 -0.245 -0.277
-0.362 -0.245 -0.275
-0.362 -0.245 -0.295
-0.362 -0.242 -0.295
-0.362 -0.240 -0.295
-0.362 -0.237 -0.295
-0.362 -0.235 -0.295
-0.362 -0.255 -0.295
-0.362 -0.255 -0.292
-0.362 -0.255 -0.312
-0.362 -0.252 -0.312
-0.362 -0.250 -0.312
-0.362 -0.247 -0.312
-0.362 -0.245 -0.312
-0.362 -0.242 -0.312
-0.362 -0.262 -0.312
-0.362 -0.262 -0.332
-0.362 -0.282 -0.332
-0.362 -0.282 -0.352
-0.360 -0.282 -0.352
-0.357 -0.282 -0.352
-0.377 -0.282 -0.352
-0.377 -0.302 -0.352
-0.377 -0.302 -0.350
-0.377 -0.302 -0.347
-0.377 -0.302 -0.345
-0.377 -0.302 -0.342
-0.377 -0.302 -0.362
-0.375 -0.302 -0.362
-0.372 -0.302 -0.362
-0.370 -0.302 -0.362
-0.367 -0.302 -0.362
-0.387 -0.302 -0.362
-0.387 -0.302 -0.360
-0.387 -0.302 -0.357
-0.387 -0.302 -0.355
-0.387 -0.302 -0.375
-0.387 -0.300 -0.375
-0.387 -0.320 -0.375
-0.387 -0.320 -0.395
-0.387 -0.340 -0.395
-0.387 -0.340 -0.392
-0.387 -0.340 -0.412
-0.387 -0.337 -0.412
-0.387 -0.357 -0.412
-0.407 -0.357 -0.412
-0.407 -0.377 -0.412
-0.427 -0.377 -0.412
-0.427 -0.377 -0.432
-0.427 -0.375 -0.432
-0.427 -0.372 -0.432
-0.427 -0.392 -0.432
-0.427 -0.392 -0.452
-0.427 -0.390 -0.452
-0.427 -0.387 -0.452
-0.427 -0.385 -0.452
-0.427 -0.405 -0.452
-0.448 -0.405 -0.452
-0.448 -0.405 -0.450
-0.448 -0.405 -0.447
-0.448 -0.405 -0.445
-0.448 -0.405 -0.442
-0.448 -0.405 -0.440
-0.448 -0.405 -0.460
-0.448 -0.402 -0.460
-0.448 -0.400 -0.460
-0.448 -0.420 -0.460
-0.448 -0.420 -0.480
-0.448 -0.417 -0.480
-0.448 -0.415 -0.480
-0.448 -0.412 -0.480
-0.448 -0.432 -0.480
-0.445 -0.432 -0.480
-0.465 -0.432 -0.480
-0.465 -0.430 -0.480
-0.465 -0.427 -0.480
-0.465 -0.447 -0.480
-0.465 -0.447 -0.477
-0.465 -0.447 -0.497
-0.463 -0.447 -0.497
-0.460 -0.447 -0.497
-0.480 -0.447 -0.497
-0.480 -0.447 -0.495
-0.480 -0.447 -0.515
-0.478 -0.447 -0.515
-0.475 -0.447 -0.515
-0.495 -0.447 -0.515
-0.495 -0.467 -0.515
-0.495 -0.467 -0.513
-0.495 -0.467 -0.510
-0.495 -0.467 -0.508
-0.495 -0.467 -0.505
-0.495 -0.467 -0.503
-0.495 -0.467 -0.500
-0.495 -0.467 -0.498
-0.495 -0.467 -0.495
-0.495 -0.467 -0.493
-0.495 -0.467 -0.490
-0.495 -0.467 -0.488
-0.495 -0.467 -0.485
-0.495 -0.467 -0.483
-0.495 -0.467 -0.503
-0.495 -0.465 -0.503
-0.495 -0.485 -0.503
-0.515 -0.485 -0.503
-0.515 -0.485 -0.523
-0.513 -0.485 -0.523
-0.533 -0.485 -0.523
-0.533 -0.505 -0.523
-0.530 -0.505 -0.523
-0.528 -0.505 -0.523
-0.548 -0.505 -0.523
-0.548 -0.505 -0.543
-0.548 -0.503 -0.543
-0.548 -0.500 -0.543
-0.548 -0.520 -0.543
-0.568 -0.520 -0.543
-0.568 -0.520 -0.563
-0.568 -0.540 -0.563
-0.588 -0.540 -0.563
-0.588 -0.560 -0.563
-0.588 -0.560 -0.583
-0.588 -0.580 -0.583
-0.588 -0.580 -0.603
-0.585 -0.580 -0.603
-0.605 -0.580 -0.603
-0.605 -0.580 -0.623
-0.605 -0.578 -0.623
-0.605 -0.598 -0.623
-0.625 -0.598 -0.623
-0.625 -0.595 -0.623
-0.625 -0.593 -0.623
-0.625 -0.613 -0.623
-0.623 -0.613 -0.623
-0.643 -0.613 -0.623
-0.643 -0.613 -0.620
-0.643 -0.613 -0.618
-0.643 -0.613 -0.615
-0.643 -0.613 -0.613
-0.643 -0.613 -0.610
-0.643 -0.613 -0.630
-0.640 -0.613 -0.630
-0.660 -0.613 -0.630
-0.660 -0.610 -0.630
-0.660 -0.630 -0.630
-0.660 -0.630 -0.628
-0.660 -0.630 -0.625
-0.660 -0.630 -0.623
-0.660 -0.630 -0.643
-0.680 -0.630 -0.643
-0.680 -0.630 -0.640
-0.680 -0.630 -0.660
-0.700 -0.630 -0.660
-0.700 -0.628 -0.660
-0.700 -0.648 -0.660
-0.700 -0.648 -0.680
-0.720 -0.648 -0.680
-0.720 -0.648 -0.678
-0.720 -0.648 -0.675
-0.720 -0.648 -0.673
-0.720 -0.648 -0.670
-0.720 -0.648 -0.668
-0.720 -0.648 -0.688
-0.720 -0.645 -0.688
-0.720 -0.665 -0.688
-0.718 -0.665 -0.688
-0.738 -0.665 -0.688
-0.738 -0.663 -0.688
-0.738 -0.660 -0.688
-0.738 -0.658 -0.688
-0.738 -0.678 -0.688
-0.738 -0.678 -0.685
-0.738 -0.678 -0.683
-0.738 -0.678 -0.680
-0.738 -0.678 -0.678
-0.738 -0.678 -0.675
-0.738 -0.678 -0.673
-0.738 -0.678 -0.670
-0.738 -0.678 -0.668
-0.738 -0.678 -0.665
-0.738 -0.678 -0.685
-0.738 -0.675 -0.685
-0.738 -0.695 -0.685
-0.758 -0.695 -0.685
-0.758 -0.693 -0.685
-0.758 -0.690 -0.685
-0.758 -0.688 -0.685
-0.758 -0.708 -0.685
-0.755 -0.708 -0.685
-0.775 -0.708 -0.685
-0.775 -0.728 -0.685
-0.773 -0.728 -0.685
-0.793 -0.728 -0.685
-0.793 -0.728 -0.683
-0.793 -0.728 -0.703
-0.793 -0.748 -0.703
-0.790 -0.748 -0.703
-0.788 -0.748 -0.703
-0.808 -0.748 -0.703
-0.808 -0.748 -0.723
-0.808 -0.768 -0.723
-0.808 -0.768 -0.720
-0.808 -0.768 -0.718
-0.808 -0.768 -0.715
-0.808 -0.768 -0.713
-0.808 -0.768 -0.733
-0.808 -0.765 -0.733
-0.808 -0.785 -0.733
-0.828 -0.785 -0.733
-0.828 -0.783 -0.733
-0.828 -0.780 -0.733
-0.828 -0.800 -0.733
-0.848 -0.800 -0.733
-0.848 -0.798 -0.733
-0.848 -0.818 -0.733
-0.868 -0.818 -0.733
-0.868 -0.815 -0.733
-0.868 -0.813 -0.733
-0.868 -0.810 -0.733
-0.868 -0.830 -0.733
-0.888 -0.830 -0.733
-0.888 -0.828 -0.733
-0.888 -0.825 -0.733
-0.888 -0.845 -0.733
-0.888 -0.845 -0.730
-0.888 -0.845 -0.728
-0.888 -0.845 -0.748
-0.888 -0.843 -0.748
-0.888 -0.863 -0.748
-0.885 -0.863 -0.748
-0.883 -0.863 -0.748
-0.903 -0.863 -0.748
-0.903 -0.883 -0.748
-0.903 -0.883 -0.745
-0.903 -0.883 -0.743
-0.903 -0.883 -0.740
-0.903 -0.883 -0.738
-0.903 -0.883 -0.758
-0.923 -0.883 -0.758
-0.923 -0.883 -0.755
-0.923 -0.883 -0.753
-0.923 -0.883 -0.773
-0.943 -0.883 -0.773
-0.943 -0.903 -0.773
-0.963 -0.903 -0.773
-0.963 -0.903 -0.770
-0.963 -0.903 -0.790
-0.983 -0.903 -0.790
-0.983 -0.903 -0.788
-0.983 -0.903 -0.785
-0.983 -0.903 -0.783
-0.983 -0.903 -0.803
-1.003 -0.903 -0.803
-1.003 -0.903 -0.800
-1.003 -0.903 -0.798
-1.003 -0.903 -0.818
-1.003 -0.923 -0.818
-1.000 -0.923 -0.818
-1.020 -0.923 -0.818
-1.020 -0.920 -0.818
-1.020 -0.918 -0.818
-1.020 -0.938 -0.818
-1.020 -0.938 -0.815
-1.020 -0.938 -0.835
-1.018 -0.938 -0.835
-1.015 -0.938 -0.835
-1.013 -0.938 -0.835
-1.033 -0.938 -0.835
-1.033 -0.958 -0.835
-1.033 -0.958 -0.833
-1.033 -0.958 -0.830
-1.033 -0.958 -0.828
-1.033 -0.958 -0.848
-1.053 -0.958 -0.848
-1.053 -0.978 -0.848
-1.053 -0.978 -0.868
-1.053 -0.975 -0.868
-1.053 -0.973 -0.868
-1.053 -0.993 -0.868
-1.050 -0.993 -0.868
-1.070 -0.993 -0.868
-1.070 -0.993 -0.888
-1.090 -0.993 -0.888
-1.090 -1.013 -0.888
-1.090 -1.013 -0.908
-1.090 -1.033 -0.908
-1.110 -1.033 -0.908
-1.110 -1.053 -0.908
-1.108 -1.053 -0.908
-1.128 -1.053 -0.908
-1.128 -1.053 -0.905
-1.128 -1.053 -0.903
-1.128 -1.053 -0.923
-1.148 -1.053 -0.923
-1.148 -1.050 -0.923
-1.148 -1.070 -0.923
-1.148 -1.070 -0.920
-1.148 -1.070 -0.940
-1.148 -1.068 -0.940
-1.148 -1.065 -0.940
-1.148 -1.085 -0.940
-1.168 -1.085 -0.940
-1.168 -1.105 -0.940
-1.188 -1.105 -0.940
-1.188 -1.103 -0.940
-1.188 -1.100 -0.940
-1.188 -1.098 -0.940
-1.188 -1.095 -0.940
-1.188 -1.093 -0.940
-1.188 -1.090 -0.940
-1.188 -1.088 -0.940
-1.188 -1.085 -0.940
-1.188 -1.083 -0.940
-1.188 -1.103 -0.940
-1.208 -1.103 -0.940
-1.208 -1.100 -0.940
-1.208 -1.098 -0.940
-1.208 -1.095 -0.940
-1.208 -1.115 -0.940
-1.208 -1.115 -0.938
-1.208 -1.115 -0.958
-1.228 -1.115 -0.958
-1.228 -1.135 -0.958
-1.248 -1.135 -0.958
-1.248 -1.135 -0.955
-1.248 -1.135 -0.953
-1.248 -1.135 -0.950
-1.248 -1.135 -0.948
-1.248 -1.135 -0.945
-1.248 -1.135 -0.965
-1.248 -1.133 -0.965
-1.248 -1.153 -0.965
-1.245 -1.153 -0.965
-1.265 -1.153 -0.965
-1.265 -1.173 -0.965
-1.265 -1.173 -0.985
-1.265 -1.170 -0.985
-1.265 -1.168 -0.985
-1.265 -1.165 -0.985
-1.265 -1.163 -0.985
-1.265 -1.183 -0.985
-1.285 -1.183 -0.985
-1.285 -1.180 -0.985
-1.285 -1.178 -0.985
-1.285 -1.175 -0.985
-1.285 -1.173 -0.985
-1.285 -1.193 -0.985
-1.285 -1.193 -0.983
-1.285 -1.193 -1.003
-1.285 -1.190 -1.003
-1.285 -1.188 -1.003
-1.285 -1.185 -1.003
-1.285 -1.183 -1.003
-1.285 -1.180 -1.003
-1.285 -1.200 -1.003
-1.283 -1.200 -1.003
-1.303 -1.200 -1.003
-1.303 -1.198 -1.003
-1.303 -1.195 -1.003
-1.303 -1.193 -1.003
-1.303 -1.190 -1.003
-1.303 -1.188 -1.003
-1.303 -1.185 -1.003
-1.303 -1.183 -1.003
-1.303 -1.180 -1.003
-1.303 -1.200 -1.003
-1.300 -1.200 -1.003
-1.320 -1.200 -1.003
-1.320 -1.200 -1.000
-1.320 -1.200 -0.998
-1.320 -1.200 -0.995
-1.320 -1.200 -0.993
-1.320 -1.200 -0.990
-1.320 -1.200 -0.988
-1.320 -1.200 -1.008
-1.340 -1.200 -1.008
-1.340 -1.220 -1.008
-1.360 -1.220 -1.008
-1.360 -1.218 -1.008
-1.360 -1.238 -1.008
-1.360 -1.238 -1.028
-1.360 -1.235 -1.028
-1.360 -1.233 -1.028
-1.360 -1.253 -1.028
-1.360 -1.253 -1.025
-1.360 -1.253 -1.023
-1.360 -1.253 -1.020
-1.360 -1.253 -1.040
-1.380 -1.253 -1.040
-1.380 -1.250 -1.040
-1.380 -1.270 -1.040
-1.400 -1.270 -1.040
-1.400 -1.270 -1.038
-1.400 -1.270 -1.035
-1.400 -1.270 -1.033
-1.400 -1.270 -1.053
-1.400 -1.290 -1.053
-1.400 -1.290 -1.050
-1.400 -1.290 -1.048
-1.400 -1.290 -1.045
-1.400 -1.290 -1.065
-1.400 -1.288 -1.065
-1.400 -1.308 -1.065
-1.400 -1.308 -1.063
-1.400 -1.308 -1.060
-1.400 -1.308 -1.058
-1.400 -1.308 -1.078
-1.420 -1.308 -1.078
-1.420 -1.308 -1.098
-1.420 -1.328 -1.098
-1.420 -1.328 -1.118
-1.420 -1.325 -1.118
-1.420 -1.345 -1.118
-1.420 -1.345 -1.115
-1.420 -1.345 -1.113
-1.420 -1.345 -1.110
-1.420 -1.345 -1.130
-1.420 -1.365 -1.130
-1.420 -1.365 -1.128
-1.420 -1.365 -1.125
-1.420 -1.365 -1.123
-1.420 -1.365 -1.120
-1.420 -1.365 -1.118
-1.420 -1.365 -1.115
-1.420 -1.365 -1.135
-1.440 -1.365 -1.135
-1.440 -1.363 -1.135
-1.440 -1.383 -1.135
-1.440 -1.383 -1.155
-1.460 -1.383 -1.155
-1.460 -1.383 -1.153
-1.460 -1.383 -1.150
-1.460 -1.383 -1.148
-1.460 -1.383 -1.168
-1.480 -1.383 -1.168
-1.480 -1.383 -1.165
-1.480 -1.383 -1.163
-1.480 -1.383 -1.160
-1.480 -1.383 -1.180
-1.480 -1.380 -1.180
-1.480 -1.400 -1.180
-1.480 -1.400 -1.200
-1.500 -1.400 -1.200
-1.500 -1.400 -1.198
-1.500 -1.400 -1.195
-1.500 -1.400 -1.193
-1.500 -1.400 -1.213
-1.500 -1.420 -1.213
-1.500 -1.420 -1.210
-1.500 -1.420 -1.208
-1.500 -1.420 -1.205
-1.500 -1.420 -1.203
-1.500 -1.420 -1.223
-1.498 -1.420 -1.223
-1.518 -1.420 -1.223
-1.518 -1.440 -1.223
-1.515 -1.440 -1.223
-1.535 -1.440 -1.223
-1.535 -1.440 -1.220
-1.535 -1.440 -1.240
-1.535 -1.438 -1.240
-1.535 -1.435 -1.240
-1.535 -1.433 -1.240
-1.535 -1.430 -1.240
-1.535 -1.428 -1.240
-1.535 -1.448 -1.240
-1.535 -1.448 -1.238
-1.535 -1.448 -1.258
-1.555 -1.448 -1.258
-1.555 -1.448 -1.255
-1.555 -1.448 -1.253
-1.555 -1.448 -1.250
-1.555 -1.448 -1.248
-1.555 -1.448 -1.268
-1.575 -1.448 -1.268
-1.575 -1.445 -1.268
-1.575 -1.443 -1.268
-1.575 -1.463 -1.268
-1.573 -1.463 -1.268
-1.570 -1.463 -1.268
-1.568 -1.463 -1.268
-1.588 -1.463 -1.268
-1.588 -1.463 -1.288
-1.585 -1.463 -1.288
-1.605 -1.463 -1.288
-1.605 -1.483 -1.288
-1.605 -1.483 -1.285
-1.605 -1.483 -1.283
-1.605 -1.483 -1.280
-1.605 -1.483 -1.278
-1.605 -1.483 -1.298
-1.605 -1.480 -1.298
-1.605 -1.478 -1.298
-1.605 -1.475 -1.298
-1.605 -1.473 -1.298
-1.605 -1.470 -1.298
-1.605 -1.468 -1.298
-1.605 -1.488 -1.298
-1.603 -1.488 -1.298
-1.600 -1.488 -1.298
-1.598 -1.488 -1.298
-1.618 -1.488 -1.298
-1.618 -1.485 -1.298
-1.618 -1.483 -1.298
-1.618 -1.503 -1.298
-1.615 -1.503 -1.298
-1.613 -1.503 -1.298
-1.633 -1.503 -1.298
-1.633 -1.500 -1.298
-1.633 -1.520 -1.298
-1.630 -1.520 -1.298
-1.650 -1.520 -1.298
-1.650 -1.520 -1.318
-1.650 -1.540 -1.318
-1.670 -1.540 -1.318
-1.670 -1.560 -1.318
-1.690 -1.560 -1.318
-1.690 -1.580 -1.318
-1.690 -1.580 -1.315
-1.690 -1.580 -1.313
-1.690 -1.580 -1.310
-1.690 -1.580 -1.308
-1.690 -1.580 -1.305
-1.690 -1.580 -1.303
-1.690 -1.580 -1.300
-1.690 -1.580 -1.298
-1.690 -1.580 -1.318
-1.710 -1.580 -1.318
-1.710 -1.578 -1.318
-1.710 -1.575 -1.318
-1.710 -1.595 -1.318
-1.710 -1.595 -1.315
-1.710 -1.595 -1.313
-1.710 -1.595 -1.333
-1.710 -1.593 -1.333
-1.710 -1.590 -1.333
-1.710 -1.610 -1.333
-1.730 -1.610 -1.333
-1.730 -1.630 -1.333
-1.728 -1.630 -1.333
-1.748 -1.630 -1.333
-1.748 -1.630 -1.330
-1.748 -1.630 -1.328
-1.748 -1.630 -1.325
-1.748 -1.630 -1.345
-1.748 -1.650 -1.345
-1.748 -1.650 -1.343
-1.748 -1.650 -1.340
-1.748 -1.650 -1.338
-1.748 -1.650 -1.358
-1.748 -1.648 -1.358
-1.748 -1.645 -1.358
-1.748 -1.643 -1.358
-1.748 -1.663 -1.358
-1.768 -1.663 -1.358
-1.768 -1.663 -1.355
-1.768 -1.663 -1.353
-1.768 -1.663 -1.350
-1.768 -1.663 -1.348
-1.768 -1.663 -1.368
-1.765 -1.663 -1.368
-1.763 -1.663 -1.368
-1.760 -1.663 -1.368
-1.758 -1.663 -1.368
-1.755 -1.663 -1.368
-1.753 -1.663 -1.368
-1.750 -1.663 -1.368
-1.770 -1.663 -1.368
-1.770 -1.660 -1.368
-1.770 -1.658 -1.368
-1.770 -1.655 -1.368
-1.770 -1.675 -1.368
-1.770 -1.675 -1.365
-1.770 -1.675 -1.385
-1.790 -1.675 -1.385
-1.790 -1.695 -1.385
-1.790 -1.695 -1.383
-1.790 -1.695 -1.403
-1.810 -1.695 -1.403
-1.810 -1.695 -1.423
-1.810 -1.693 -1.423
-1.810 -1.690 -1.423
-1.810 -1.710 -1.423
-1.808 -1.710 -1.423
-1.828 -1.710 -1.423
-1.828 -1.710 -1.443
-1.828 -1.730 -1.443
-1.825 -1.730 -1.443
-1.845 -1.730 -1.443
-1.845 -1.728 -1.443
-1.845 -1.725 -1.443
-1.845 -1.723 -1.443
-1.845 -1.720 -1.443
-1.845 -1.718 -1.443
-1.845 -1.738 -1.443
-1.843 -1.738 -1.443
-1.863 -1.738 -1.443
-1.863 -1.738 -1.440
-1.863 -1.738 -1.438
-1.863 -1.738 -1.435
-1.863 -1.738 -1.433
-1.863 -1.738 -1.453
-1.863 -1.758 -1.453
-1.863 -1.758 -1.450
-1.863 -1.758 -1.448
-1.863 -1.758 -1.445
-1.863 -1.758 -1.465
-1.860 -1.758 -1.465
-1.858 -1.758 -1.465
-1.878 -1.758 -1.465
-1.878 -1.758 -1.485
-1.875 -1.758 -1.485
-1.873 -1.758 -1.485
-1.893 -1.758 -1.485
-1.893 -1.758 -1.483
-1.893 -1.758 -1.480
-1.893 -1.758 -1.478
-1.893 -1.758 -1.498
-1.893 -1.778 -1.498
-1.913 -1.778 -1.498
-1.913 -1.798 -1.498
-1.933 -1.798 -1.498
-1.933 -1.795 -1.498
-1.933 -1.793 -1.498
-1.933 -1.790 -1.498
-1.933 -1.788 -1.498
-1.933 -1.808 -1.498
-1.933 -1.808 -1.518
-1.933 -1.828 -1.518
-1.933 -1.828 -1.515
-1.933 -1.828 -1.535
-1.930 -1.828 -1.535
-1.950 -1.828 -1.535
-1.950 -1.828 -1.533
-1.950 -1.828 -1.530
-1.950 -1.828 -1.528
-1.950 -1.828 -1.525
-1.950 -1.828 -1.545
-1.950 -1.825 -1.545
-1.950 -1.823 -1.545
-1.950 -1.843 -1.545
-1.950 -1.843 -1.543
-1.950 -1.843 -1.540
-1.950 -1.843 -1.538
-1.950 -1.843 -1.535
-1.950 -1.843 -1.533
-1.950 -1.843 -1.530
-1.950 -1.843 -1.528
-1.950 -1.843 -1.548
-1.948 -1.843 -1.548
-1.945 -1.843 -1.548
-1.965 -1.843 -1.548
-1.965 -1.840 -1.548
-1.965 -1.838 -1.548
-1.965 -1.835 -1.548
-1.965 -1.855 -1.548
-1.963 -1.855 -1.548
-1.960 -1.855 -1.548
-1.958 -1.855 -1.548
-1.955 -1.855 -1.548
-1.953 -1.855 -1.548
-1.973 -1.855 -1.548
-1.973 -1.853 -1.548
-1.973 -1.850 -1.548
-1.973 -1.870 -1.548
-1.973 -1.870 -1.545
-1.973 -1.870 -1.565
-1.973 -1.868 -1.565
-1.973 -1.865 -1.565
-1.973 -1.863 -1.565
-1.973 -1.860 -1.565
-1.973 -1.858 -1.565
-1.973 -1.855 -1.565
-1.973 -1.853 -1.565
-1.973 -1.850 -1.565
