1.000 5.000 59.000 2.000
1.000 23.000 59.000 2.000
1.000 41.000 59.000 1.000
1.000 77.000 59.000 2.000
1.000 95.000 59.000 2.000
1.000 5.000 77.000 2.000
1.000 23.000 77.000 2.000
1.000 41.000 77.000 1.000
1.000 59.000 77.000 1.000
1.000 95.000 77.000 1.000
1.000 5.000 95.000 1.000
1.000 23.000 95.000 1.000
1.000 41.000 95.000 1.000
1.000 59.000 95.000 1.000
1.000 77.000 95.000 1.000
2.000 5.000 41.000 2.000
2.000 23.000 41.000 1.000
2.000 59.000 41.000 1.000
2.000 77.000 41.000 1.000
2.000 95.000 41.000 2.000
2.000 5.000 23.000 2.000
2.000 41.000 23.000 2.000
2.000 59.000 23.000 2.000
2.000 77.000 23.000 2.000
2.000 95.000 23.000 2.000
2.000 23.000 5.000 2.000
2.000 41.000 5.000 2.000
2.000 59.000 5.000 2.000
2.000 77.000 5.000 2.000
2.000 95.000 5.000 2.000
1.000 5.000 59.000 2.000
1.000 23.000 59.000 1.000
1.000 41.000 59.000 1.000
1.000 77.000 59.000 1.000
1.000 95.000 59.000 1.000
1.000 5.000 77.000 1.000
1.000 23.000 77.000 1.000
1.000 41.000 77.000 1.000
1.000 59.000 77.000 1.000
1.000 95.000 77.000 1.000
1.000 5.000 95.000 1.000
1.000 23.000 95.000 1.000
1.000 41.000 95.000 1.000
1.000 59.000 95.000 2.000
1.000 77.000 95.000 1.000
2.000 5.000 41.000 2.000
2.000 23.000 41.000 1.000
2.000 59.000 41.000 1.000
2.000 77.000 41.000 1.000
2.000 95.000 41.000 1.000
2.000 5.000 23.000 2.000
2.000 41.000 23.000 2.000
2.000 59.000 23.000 2.000
2.000 77.000 23.000 2.000
2.000 95.000 23.000 1.000
2.000 23.000 5.000 2.000
2.000 41.000 5.000 2.000
2.000 59.000 5.000 1.000
2.000 77.000 5.000 1.000
2.000 95.000 5.000 1.000
1.000 5.000 59.000 1.000
1.000 23.000 59.000 1.000
1.000 41.000 59.000 1.000
1.000 77.000 59.000 1.000
1.000 95.000 59.000 1.000
1.000 5.000 77.000 1.000
1.000 23.000 77.000 2.000
1.000 41.000 77.000 2.000
1.000 59.000 77.000 2.000
1.000 95.000 77.000 1.000
1.000 5.000 95.000 1.000
1.000 23.000 95.000 2.000
1.000 41.000 95.000 2.000
1.000 59.000 95.000 2.000
1.000 77.000 95.000 2.000
2.000 5.000 41.000 2.000
2.000 23.000 41.000 2.000
2.000 59.000 41.000 1.000
2.000 77.000 41.000 1.000
2.000 95.000 41.000 2.000
2.000 5.000 23.000 2.000
2.000 41.000 23.000 2.000
2.000 59.000 23.000 1.000
2.000 77.000 23.000 1.000
2.000 95.000 23.000 1.000
2.000 23.000 5.000 2.000
2.000 41.000 5.000 1.000
2.000 59.000 5.000 2.000
2.000 77.000 5.000 1.000
2.000 95.000 5.000 1.000
1.000 5.000 59.000 2.000
1.000 23.000 59.000 2.000
1.000 41.000 59.000 1.000
1.000 77.000 59.000 2.000
1.000 95.000 59.000 1.000
1.000 5.000 77.000 2.000
1.000 23.000 77.000 1.000
1.000 41.000 77.000 2.000
1.000 59.000 77.000 1.000
1.000 95.000 77.000 2.000
1.000 5.000 95.000 2.000
1.000 23.000 95.000 1.000
1.000 41.000 95.000 1.000
1.000 59.000 95.000 1.000
1.000 77.000 95.000 2.000
2.000 5.000 41.000 2.000
2.000 23.000 41.000 1.000
2.000 59.000 41.000 2.000
2.000 77.000 41.000 1.000
2.000 95.000 41.000 2.000
2.000 5.000 23.000 1.000
2.000 41.000 23.000 2.000
2.000 59.000 23.000 2.000
2.000 77.000 23.000 2.000
2.000 95.000 23.000 1.000
2.000 23.000 5.000 2.000
2.000 41.000 5.000 1.000
2.000 59.000 5.000 1.000
2.000 77.000 5.000 2.000
2.000 95.000 5.000 2.000
1.000 5.000 59.000 1.000
1.000 23.000 59.000 2.000
1.000 41.000 59.000 2.000
1.000 77.000 59.000 2.000
1.000 95.000 59.000 1.000
1.000 5.000 77.000 1.000
1.000 23.000 77.000 2.000
1.000 41.000 77.000 2.000
1.000 59.000 77.000 2.000
1.000 95.000 77.000 1.000
1.000 5.000 95.000 1.000
1.000 23.000 95.000 1.000
1.000 41.000 95.000 1.000
1.000 59.000 95.000 2.000
1.000 77.000 95.000 1.000
2.000 5.000 41.000 2.000
2.000 23.000 41.000 1.000
2.000 59.000 41.000 1.000
2.000 77.000 41.000 2.000
2.000 95.000 41.000 1.000
2.000 5.000 23.000 2.000
2.000 41.000 23.000 1.000
2.000 59.000 23.000 2.000
2.000 77.000 23.000 1.000
2.000 95.000 23.000 1.000
2.000 23.000 5.000 2.000
2.000 41.000 5.000 1.000
2.000 59.000 5.000 1.000
2.000 77.000 5.000 1.000
2.000 95.000 5.000 2.000
1.000 5.000 59.000 2.000
1.000 23.000 59.000 2.000
1.000 41.000 59.000 1.000
1.000 77.000 59.000 1.000
1.000 95.000 59.000 1.000
1.000 5.000 77.000 1.000
1.000 23.000 77.000 2.000
1.000 41.000 77.000 1.000
1.000 59.000 77.000 2.000
1.000 95.000 77.000 1.000
1.000 5.000 95.000 2.000
1.000 23.000 95.000 1.000
1.000 41.000 95.000 2.000
1.000 59.000 95.000 2.000
1.000 77.000 95.000 2.000
2.000 5.000 41.000 1.000
2.000 23.000 41.000 1.000
2.000 59.000 41.000 2.000
2.000 77.000 41.000 1.000
2.000 95.000 41.000 1.000
2.000 5.000 23.000 1.000
2.000 41.000 23.000 1.000
2.000 59.000 23.000 2.000
2.000 77.000 23.000 1.000
2.000 95.000 23.000 1.000
2.000 23.000 5.000 2.000
2.000 41.000 5.000 1.000
2.000 59.000 5.000 2.000
2.000 77.000 5.000 1.000
2.000 95.000 5.000 2.000
1.000 5.000 59.000 1.000
1.000 23.000 59.000 2.000
1.000 41.000 59.000 2.000
1.000 77.000 59.000 2.000
1.000 95.000 59.000 1.000
1.000 5.000 77.000 2.000
1.000 23.000 77.000 1.000
1.000 41.000 77.000 2.000
1.000 59.000 77.000 1.000
1.000 95.000 77.000 1.000
1.000 5.000 95.000 2.000
1.000 23.000 95.000 2.000
1.000 41.000 95.000 2.000
1.000 59.000 95.000 1.000
1.000 77.000 95.000 1.000
2.000 5.000 41.000 2.000
2.000 23.000 41.000 2.000
2.000 59.000 41.000 1.000
2.000 77.000 41.000 2.000
2.000 95.000 41.000 1.000
2.000 5.000 23.000 1.000
2.000 41.000 23.000 2.000
2.000 59.000 23.000 2.000
2.000 77.000 23.000 2.000
2.000 95.000 23.000 1.000
2.000 23.000 5.000 1.000
2.000 41.000 5.000 1.000
2.000 59.000 5.000 1.000
2.000 77.000 5.000 1.000
2.000 95.000 5.000 2.000
1.000 5.000 59.000 1.000
1.000 23.000 59.000 2.000
1.000 41.000 59.000 2.000
1.000 77.000 59.000 2.000
1.000 95.000 59.000 1.000
1.000 5.000 77.000 1.000
1.000 23.000 77.000 2.000
1.000 41.000 77.000 2.000
1.000 59.000 77.000 1.000
1.000 95.000 77.000 1.000
1.000 5.000 95.000 1.000
1.000 23.000 95.000 1.000
1.000 41.000 95.000 2.000
1.000 59.000 95.000 1.000
1.000 77.000 95.000 1.000
2.000 5.000 41.000 1.000
2.000 23.000 41.000 2.000
2.000 59.000 41.000 2.000
2.000 77.000 41.000 2.000
2.000 95.000 41.000 2.000
2.000 5.000 23.000 2.000
2.000 41.000 23.000 2.000
2.000 59.000 23.000 2.000
2.000 77.000 23.000 1.000
2.000 95.000 23.000 1.000
2.000 23.000 5.000 1.000
2.000 41.000 5.000 1.000
2.000 59.000 5.000 1.000
2.000 77.000 5.000 2.000
2.000 95.000 5.000 2.000
1.000 5.000 59.000 2.000
1.000 23.000 59.000 2.000
1.000 41.000 59.000 2.000
1.000 77.000 59.000 1.000
1.000 95.000 59.000 2.000
1.000 5.000 77.000 2.000
1.000 23.000 77.000 2.000
1.000 41.000 77.000 1.000
1.000 59.000 77.000 1.000
1.000 95.000 77.000 1.000
1.000 5.000 95.000 1.000
1.000 23.000 95.000 1.000
1.000 41.000 95.000 1.000
1.000 59.000 95.000 1.000
1.000 77.000 95.000 1.000
2.000 5.000 41.000 2.000
2.000 23.000 41.000 1.000
2.000 59.000 41.000 1.000
2.000 77.000 41.000 2.000
2.000 95.000 41.000 1.000
2.000 5.000 23.000 1.000
2.000 41.000 23.000 1.000
2.000 59.000 23.000 2.000
2.000 77.000 23.000 2.000
2.000 95.000 23.000 1.000
2.000 23.000 5.000 2.000
2.000 41.000 5.000 2.000
2.000 59.000 5.000 1.000
2.000 77.000 5.000 1.000
2.000 95.000 5.000 1.000
1.000 5.000 59.000 1.000
1.000 23.000 59.000 2.000
1.000 41.000 59.000 1.000
1.000 77.000 59.000 2.000
1.000 95.000 59.000 2.000
1.000 5.000 77.000 1.000
1.000 23.000 77.000 2.000
1.000 41.000 77.000 2.000
1.000 59.000 77.000 2.000
1.000 95.000 77.000 2.000
1.000 5.000 95.000 2.000
1.000 23.000 95.000 1.000
1.000 41.000 95.000 2.000
1.000 59.000 95.000 1.000
1.000 77.000 95.000 2.000
2.000 5.000 41.000 1.000
2.000 23.000 41.000 1.000
2.000 59.000 41.000 1.000
2.000 77.000 41.000 2.000
2.000 95.000 41.000 2.000
2.000 5.000 23.000 1.000
2.000 41.000 23.000 1.000
2.000 59.000 23.000 1.000
2.000 77.000 23.000 1.000
2.000 95.000 23.000 1.000
2.000 23.000 5.000 2.000
2.000 41.000 5.000 1.000
2.000 59.000 5.000 2.000
2.000 77.000 5.000 2.000
2.000 95.000 5.000 2.000
1.000 5.000 59.000 2.000
1.000 23.000 59.000 2.000
1.000 41.000 59.000 2.000
1.000 77.000 59.000 1.000
1.000 95.000 59.000 2.000
1.000 5.000 77.000 2.000
1.000 23.000 77.000 2.000
1.000 41.000 77.000 1.000
1.000 59.000 77.000 2.000
1.000 95.000 77.000 1.000
1.000 5.000 95.000 1.000
1.000 23.000 95.000 2.000
1.000 41.000 95.000 1.000
1.000 59.000 95.000 2.000
1.000 77.000 95.000 2.000
2.000 5.000 41.000 1.000
2.000 23.000 41.000 2.000
2.000 59.000 41.000 2.000
2.000 77.000 41.000 1.000
2.000 95.000 41.000 2.000
2.000 5.000 23.000 1.000
2.000 41.000 23.000 2.000
2.000 59.000 23.000 1.000
2.000 77.000 23.000 1.000
2.000 95.000 23.000 2.000
2.000 23.000 5.000 2.000
2.000 41.000 5.000 1.000
2.000 59.000 5.000 1.000
2.000 77.000 5.000 1.000
2.000 95.000 5.000 1.000
1.000 5.000 59.000 1.000
1.000 23.000 59.000 1.000
1.000 41.000 59.000 2.000
1.000 77.000 59.000 2.000
1.000 95.000 59.000 1.000
1.000 5.000 77.000 2.000
1.000 23.000 77.000 2.000
1.000 41.000 77.000 1.000
1.000 59.000 77.000 2.000
1.000 95.000 77.000 1.000
1.000 5.000 95.000 1.000
1.000 23.000 95.000 2.000
1.000 41.000 95.000 2.000
1.000 59.000 95.000 2.000
1.000 77.000 95.000 2.000
2.000 5.000 41.000 2.000
2.000 23.000 41.000 2.000
2.000 59.000 41.000 1.000
2.000 77.000 41.000 1.000
2.000 95.000 41.000 2.000
2.000 5.000 23.000 1.000
2.000 41.000 23.000 1.000
2.000 59.000 23.000 1.000
2.000 77.000 23.000 2.000
2.000 95.000 23.000 1.000
2.000 23.000 5.000 1.000
2.000 41.000 5.000 1.000
2.000 59.000 5.000 1.000
2.000 77.000 5.000 2.000
2.000 95.000 5.000 2.000
1.000 5.000 59.000 1.000
1.000 23.000 59.000 2.000
1.000 41.000 59.000 2.000
1.000 77.000 59.000 1.000
1.000 95.000 59.000 1.000
1.000 5.000 77.000 1.000
1.000 23.000 77.000 1.000
1.000 41.000 77.000 1.000
1.000 59.000 77.000 2.000
1.000 95.000 77.000 1.000
1.000 5.000 95.000 1.000
1.000 23.000 95.000 1.000
1.000 41.000 95.000 1.000
1.000 59.000 95.000 1.000
1.000 77.000 95.000 1.000
2.000 5.000 41.000 1.000
2.000 23.000 41.000 2.000
2.000 59.000 41.000 2.000
2.000 77.000 41.000 2.000
2.000 95.000 41.000 2.000
2.000 5.000 23.000 2.000
2.000 41.000 23.000 2.000
2.000 59.000 23.000 1.000
2.000 77.000 23.000 2.000
2.000 95.000 23.000 1.000
2.000 23.000 5.000 2.000
2.000 41.000 5.000 2.000
2.000 59.000 5.000 1.000
2.000 77.000 5.000 2.000
2.000 95.000 5.000 1.000
1.000 5.000 59.000 2.000
1.000 23.000 59.000 1.000
1.000 41.000 59.000 2.000
1.000 77.000 59.000 1.000
1.000 95.000 59.000 1.000
1.000 5.000 77.000 1.000
1.000 23.000 77.000 1.000
1.000 41.000 77.000 2.000
1.000 59.000 77.000 1.000
1.000 95.000 77.000 1.000
1.000 5.000 95.000 2.000
1.000 23.000 95.000 2.000
1.000 41.000 95.000 2.000
1.000 59.000 95.000 2.000
1.000 77.000 95.000 1.000
2.000 5.000 41.000 1.000
2.000 23.000 41.000 1.000
2.000 59.000 41.000 2.000
2.000 77.000 41.000 1.000
2.000 95.000 41.000 2.000
2.000 5.000 23.000 1.000
2.000 41.000 23.000 1.000
2.000 59.000 23.000 1.000
2.000 77.000 23.000 1.000
2.000 95.000 23.000 1.000
2.000 23.000 5.000 2.000
2.000 41.000 5.000 1.000
2.000 59.000 5.000 2.000
2.000 77.000 5.000 1.000
2.000 95.000 5.000 2.000
1.000 5.000 59.000 2.000
1.000 23.000 59.000 2.000
1.000 41.000 59.000 2.000
1.000 77.000 59.000 1.000
1.000 95.000 59.000 2.000
1.000 5.000 77.000 2.000
1.000 23.000 77.000 1.000
1.000 41.000 77.000 2.000
1.000 59.000 77.000 1.000
1.000 95.000 77.000 2.000
1.000 5.000 95.000 2.000
1.000 23.000 95.000 2.000
1.000 41.000 95.000 2.000
1.000 59.000 95.000 2.000
1.000 77.000 95.000 2.000
2.000 5.000 41.000 1.000
2.000 23.000 41.000 1.000
2.000 59.000 41.000 2.000
2.000 77.000 41.000 2.000
2.000 95.000 41.000 2.000
2.000 5.000 23.000 1.000
2.000 41.000 23.000 1.000
2.000 59.000 23.000 2.000
2.000 77.000 23.000 1.000
2.000 95.000 23.000 2.000
2.000 23.000 5.000 1.000
2.000 41.000 5.000 2.000
2.000 59.000 5.000 1.000
2.000 77.000 5.000 2.000
2.000 95.000 5.000 2.000
1.000 5.000 59.000 1.000
1.000 23.000 59.000 2.000
1.000 41.000 59.000 1.000
1.000 77.000 59.000 1.000
1.000 95.000 59.000 1.000
1.000 5.000 77.000 1.000
1.000 23.000 77.000 1.000
1.000 41.000 77.000 1.000
1.000 59.000 77.000 2.000
1.000 95.000 77.000 1.000
1.000 5.000 95.000 1.000
1.000 23.000 95.000 2.000
1.000 41.000 95.000 1.000
1.000 59.000 95.000 1.000
1.000 77.000 95.000 1.000
2.000 5.000 41.000 1.000
2.000 23.000 41.000 2.000
2.000 59.000 41.000 2.000
2.000 77.000 41.000 2.000
2.000 95.000 41.000 1.000
2.000 5.000 23.000 2.000
2.000 41.000 23.000 1.000
2.000 59.000 23.000 2.000
2.000 77.000 23.000 2.000
2.000 95.000 23.000 2.000
2.000 23.000 5.000 2.000
2.000 41.000 5.000 1.000
2.000 59.000 5.000 1.000
2.000 77.000 5.000 2.000
2.000 95.000 5.000 1.000
1.000 5.000 59.000 2.000
1.000 23.000 59.000 2.000
1.000 41.000 59.000 2.000
1.000 77.000 59.000 2.000
1.000 95.000 59.000 2.000
1.000 5.000 77.000 1.000
1.000 23.000 77.000 1.000
1.000 41.000 77.000 2.000
1.000 59.000 77.000 1.000
1.000 95.000 77.000 2.000
1.000 5.000 95.000 1.000
1.000 23.000 95.000 1.000
1.000 41.000 95.000 1.000
1.000 59.000 95.000 1.000
1.000 77.000 95.000 1.000
2.000 5.000 41.000 2.000
2.000 23.000 41.000 2.000
2.000 59.000 41.000 2.000
2.000 77.000 41.000 1.000
2.000 95.000 41.000 2.000
2.000 5.000 23.000 1.000
2.000 41.000 23.000 1.000
2.000 59.000 23.000 2.000
2.000 77.000 23.000 2.000
2.000 95.000 23.000 1.000
2.000 23.000 5.000 2.000
2.000 41.000 5.000 1.000
2.000 59.000 5.000 2.000
2.000 77.000 5.000 2.000
2.000 95.000 5.000 2.000
1.000 5.000 59.000 2.000
1.000 23.000 59.000 1.000
1.000 41.000 59.000 2.000
1.000 77.000 59.000 1.000
1.000 95.000 59.000 2.000
1.000 5.000 77.000 1.000
1.000 23.000 77.000 1.000
1.000 41.000 77.000 2.000
1.000 59.000 77.000 1.000
1.000 95.000 77.000 2.000
1.000 5.000 95.000 1.000
1.000 23.000 95.000 1.000
1.000 41.000 95.000 1.000
1.000 59.000 95.000 1.000
1.000 77.000 95.000 1.000
2.000 5.000 41.000 1.000
2.000 23.000 41.000 1.000
2.000 59.000 41.000 2.000
2.000 77.000 41.000 2.000
2.000 95.000 41.000 2.000
2.000 5.000 23.000 2.000
2.000 41.000 23.000 1.000
2.000 59.000 23.000 2.000
2.000 77.000 23.000 2.000
2.000 95.000 23.000 1.000
2.000 23.000 5.000 1.000
2.000 41.000 5.000 2.000
2.000 59.000 5.000 2.000
2.000 77.000 5.000 2.000
2.000 95.000 5.000 1.000
1.000 5.000 59.000 2.000
1.000 23.000 59.000 2.000
1.000 41.000 59.000 2.000
1.000 77.000 59.000 1.000
1.000 95.000 59.000 2.000
1.000 5.000 77.000 2.000
1.000 23.000 77.000 1.000
1.000 41.000 77.000 1.000
1.000 59.000 77.000 2.000
1.000 95.000 77.000 1.000
1.000 5.000 95.000 1.000
1.000 23.000 95.000 1.000
1.000 41.000 95.000 2.000
1.000 59.000 95.000 2.000
1.000 77.000 95.000 2.000
2.000 5.000 41.000 2.000
2.000 23.000 41.000 1.000
2.000 59.000 41.000 2.000
2.000 77.000 41.000 1.000
2.000 95.000 41.000 2.000
2.000 5.000 23.000 2.000
2.000 41.000 23.000 2.000
2.000 59.000 23.000 1.000
2.000 77.000 23.000 2.000
2.000 95.000 23.000 2.000
2.000 23.000 5.000 1.000
2.000 41.000 5.000 2.000
2.000 59.000 5.000 2.000
2.000 77.000 5.000 1.000
2.000 95.000 5.000 1.000
1.000 5.000 59.000 1.000
1.000 23.000 59.000 1.000
1.000 41.000 59.000 2.000
1.000 77.000 59.000 2.000
1.000 95.000 59.000 2.000
1.000 5.000 77.000 2.000
1.000 23.000 77.000 2.000
1.000 41.000 77.000 2.000
1.000 59.000 77.000 2.000
1.000 95.000 77.000 1.000
1.000 5.000 95.000 2.000
1.000 23.000 95.000 2.000
1.000 41.000 95.000 1.000
1.000 59.000 95.000 1.000
1.000 77.000 95.000 1.000
2.000 5.000 41.000 1.000
2.000 23.000 41.000 1.000
2.000 59.000 41.000 2.000
2.000 77.000 41.000 2.000
2.000 95.000 41.000 1.000
2.000 5.000 23.000 1.000
2.000 41.000 23.000 1.000
2.000 59.000 23.000 2.000
2.000 77.000 23.000 2.000
2.000 95.000 23.000 2.000
2.000 23.000 5.000 1.000
2.000 41.000 5.000 2.000
2.000 59.000 5.000 1.000
2.000 77.000 5.000 1.000
2.000 95.000 5.000 1.000
1.000 5.000 59.000 2.000
1.000 23.000 59.000 1.000
1.000 41.000 59.000 1.000
1.000 77.000 59.000 1.000
1.000 95.000 59.000 1.000
1.000 5.000 77.000 1.000
1.000 23.000 77.000 1.000
1.000 41.000 77.000 2.000
1.000 59.000 77.000 1.000
1.000 95.000 77.000 1.000
1.000 5.000 95.000 1.000
1.000 23.000 95.000 1.000
1.000 41.000 95.000 2.000
1.000 59.000 95.000 1.000
1.000 77.000 95.000 1.000
2.000 5.000 41.000 2.000
2.000 23.000 41.000 2.000
2.000 59.000 41.000 1.000
2.000 77.000 41.000 2.000
2.000 95.000 41.000 1.000
2.000 5.000 23.000 2.000
2.000 41.000 23.000 2.000
2.000 59.000 23.000 2.000
2.000 77.000 23.000 1.000
2.000 95.000 23.000 2.000
2.000 23.000 5.000 2.000
2.000 41.000 5.000 2.000
2.000 59.000 5.000 2.000
2.000 77.000 5.000 1.000
2.000 95.000 5.000 2.000
1.000 5.000 59.000 1.000
1.000 23.000 59.000 2.000
1.000 41.000 59.000 2.000
1.000 77.000 59.000 2.000
1.000 95.000 59.000 2.000
1.000 5.000 77.000 1.000
1.000 23.000 77.000 2.000
1.000 41.000 77.000 1.000
1.000 59.000 77.000 1.000
1.000 95.000 77.000 1.000
1.000 5.000 95.000 2.000
1.000 23.000 95.000 1.000
1.000 41.000 95.000 1.000
1.000 59.000 95.000 2.000
1.000 77.000 95.000 1.000
2.000 5.000 41.000 2.000
2.000 23.000 41.000 2.000
2.000 59.000 41.000 1.000
2.000 77.000 41.000 1.000
2.000 95.000 41.000 2.000
2.000 5.000 23.000 1.000
2.000 41.000 23.000 1.000
2.000 59.000 23.000 1.000
2.000 77.000 23.000 2.000
2.000 95.000 23.000 2.000
2.000 23.000 5.000 1.000
2.000 41.000 5.000 2.000
2.000 59.000 5.000 1.000
2.000 77.000 5.000 1.000
2.000 95.000 5.000 1.000
1.000 5.000 59.000 1.000
1.000 23.000 59.000 2.000
1.000 41.000 59.000 2.000
1.000 77.000 59.000 2.000
1.000 95.000 59.000 2.000
1.000 5.000 77.000 2.000
1.000 23.000 77.000 1.000
1.000 41.000 77.000 2.000
1.000 59.000 77.000 2.000
1.000 95.000 77.000 1.000
1.000 5.000 95.000 1.000
1.000 23.000 95.000 2.000
1.000 41.000 95.000 1.000
1.000 59.000 95.000 2.000
1.000 77.000 95.000 2.000
2.000 5.000 41.000 1.000
2.000 23.000 41.000 2.000
2.000 59.000 41.000 2.000
2.000 77.000 41.000 1.000
2.000 95.000 41.000 1.000
2.000 5.000 23.000 1.000
2.000 41.000 23.000 2.000
2.000 59.000 23.000 2.000
2.000 77.000 23.000 1.000
2.000 95.000 23.000 2.000
2.000 23.000 5.000 1.000
2.000 41.000 5.000 1.000
2.000 59.000 5.000 1.000
2.000 77.000 5.000 2.000
2.000 95.000 5.000 2.000
1.000 5.000 59.000 2.000
1.000 23.000 59.000 1.000
1.000 41.000 59.000 2.000
1.000 77.000 59.000 2.000
1.000 95.000 59.000 2.000
1.000 5.000 77.000 1.000
1.000 23.000 77.000 2.000
1.000 41.000 77.000 1.000
1.000 59.000 77.000 1.000
1.000 95.000 77.000 1.000
1.000 5.000 95.000 2.000
1.000 23.000 95.000 2.000
1.000 41.000 95.000 2.000
1.000 59.000 95.000 2.000
1.000 77.000 95.000 1.000
2.000 5.000 41.000 2.000
2.000 23.000 41.000 1.000
2.000 59.000 41.000 1.000
2.000 77.000 41.000 2.000
2.000 95.000 41.000 2.000
2.000 5.000 23.000 2.000
2.000 41.000 23.000 2.000
2.000 59.000 23.000 2.000
2.000 77.000 23.000 1.000
2.000 95.000 23.000 2.000
2.000 23.000 5.000 1.000
2.000 41.000 5.000 2.000
2.000 59.000 5.000 1.000
2.000 77.000 5.000 2.000
2.000 95.000 5.000 2.000
1.000 5.000 59.000 1.000
1.000 23.000 59.000 2.000
1.000 41.000 59.000 1.000
1.000 77.000 59.000 2.000
1.000 95.000 59.000 2.000
1.000 5.000 77.000 1.000
1.000 23.000 77.000 1.000
1.000 41.000 77.000 2.000
1.000 59.000 77.000 2.000
1.000 95.000 77.000 2.000
1.000 5.000 95.000 1.000
1.000 23.000 95.000 2.000
1.000 41.000 95.000 1.000
1.000 59.000 95.000 2.000
1.000 77.000 95.000 1.000
2.000 5.000 41.000 2.000
2.000 23.000 41.000 1.000
2.000 59.000 41.000 2.000
2.000 77.000 41.000 1.000
2.000 95.000 41.000 1.000
2.000 5.000 23.000 1.000
2.000 41.000 23.000 1.000
2.000 59.000 23.000 1.000
2.000 77.000 23.000 2.000
2.000 95.000 23.000 2.000
2.000 23.000 5.000 2.000
2.000 41.000 5.000 1.000
2.000 59.000 5.000 1.000
2.000 77.000 5.000 2.000
2.000 95.000 5.000 2.000
1.000 5.000 59.000 2.000
1.000 23.000 59.000 1.000
1.000 41.000 59.000 1.000
1.000 77.000 59.000 1.000
1.000 95.000 59.000 1.000
1.000 5.000 77.000 1.000
1.000 23.000 77.000 1.000
1.000 41.000 77.000 1.000
1.000 59.000 77.000 1.000
1.000 95.000 77.000 1.000
1.000 5.000 95.000 1.000
1.000 23.000 95.000 1.000
1.000 41.000 95.000 1.000
1.000 59.000 95.000 2.000
1.000 77.000 95.000 1.000
2.000 5.000 41.000 2.000
2.000 23.000 41.000 2.000
2.000 59.000 41.000 1.000
2.000 77.000 41.000 1.000
2.000 95.000 41.000 1.000
2.000 5.000 23.000 1.000
2.000 41.000 23.000 1.000
2.000 59.000 23.000 1.000
2.000 77.000 23.000 2.000
2.000 95.000 23.000 1.000
2.000 23.000 5.000 1.000
2.000 41.000 5.000 1.000
2.000 59.000 5.000 1.000
2.000 77.000 5.000 2.000
2.000 95.000 5.000 2.000
1.000 5.000 59.000 1.000
1.000 23.000 59.000 1.000
1.000 41.000 59.000 1.000
1.000 77.000 59.000 2.000
1.000 95.000 59.000 1.000
1.000 5.000 77.000 1.000
1.000 23.000 77.000 1.000
1.000 41.000 77.000 1.000
1.000 59.000 77.000 2.000
1.000 95.000 77.000 2.000
1.000 5.000 95.000 1.000
1.000 23.000 95.000 1.000
1.000 41.000 95.000 2.000
1.000 59.000 95.000 1.000
1.000 77.000 95.000 1.000
2.000 5.000 41.000 1.000
2.000 23.000 41.000 2.000
2.000 59.000 41.000 2.000
2.000 77.000 41.000 1.000
2.000 95.000 41.000 2.000
2.000 5.000 23.000 2.000
2.000 41.000 23.000 1.000
2.000 59.000 23.000 2.000
2.000 77.000 23.000 1.000
2.000 95.000 23.000 1.000
2.000 23.000 5.000 1.000
2.000 41.000 5.000 1.000
2.000 59.000 5.000 2.000
2.000 77.000 5.000 1.000
2.000 95.000 5.000 1.000
1.000 5.000 59.000 1.000
1.000 23.000 59.000 2.000
1.000 41.000 59.000 1.000
1.000 77.000 59.000 1.000
1.000 95.000 59.000 2.000
1.000 5.000 77.000 1.000
1.000 23.000 77.000 2.000
1.000 41.000 77.000 2.000
1.000 59.000 77.000 1.000
1.000 95.000 77.000 2.000
1.000 5.000 95.000 2.000
1.000 23.000 95.000 1.000
1.000 41.000 95.000 2.000
1.000 59.000 95.000 2.000
1.000 77.000 95.000 2.000
2.000 5.000 41.000 2.000
2.000 23.000 41.000 2.000
2.000 59.000 41.000 2.000
2.000 77.000 41.000 1.000
2.000 95.000 41.000 2.000
2.000 5.000 23.000 2.000
2.000 41.000 23.000 2.000
2.000 59.000 23.000 2.000
2.000 77.000 23.000 1.000
2.000 95.000 23.000 1.000
2.000 23.000 5.000 1.000
2.000 41.000 5.000 1.000
2.000 59.000 5.000 2.000
2.000 77.000 5.000 1.000
2.000 95.000 5.000 2.000
1.000 5.000 59.000 2.000
1.000 23.000 59.000 1.000
1.000 41.000 59.000 2.000
1.000 77.000 59.000 1.000
1.000 95.000 59.000 1.000
1.000 5.000 77.000 1.000
1.000 23.000 77.000 1.000
1.000 41.000 77.000 2.000
1.000 59.000 77.000 1.000
1.000 95.000 77.000 2.000
1.000 5.000 95.000 2.000
1.000 23.000 95.000 2.000
1.000 41.000 95.000 1.000
1.000 59.000 95.000 2.000
1.000 77.000 95.000 1.000
2.000 5.000 41.000 2.000
2.000 23.000 41.000 1.000
2.000 59.000 41.000 1.000
2.000 77.000 41.000 2.000
2.000 95.000 41.000 1.000
2.000 5.000 23.000 2.000
2.000 41.000 23.000 2.000
2.000 59.000 23.000 1.000
2.000 77.000 23.000 2.000
2.000 95.000 23.000 1.000
2.000 23.000 5.000 2.000
2.000 41.000 5.000 2.000
2.000 59.000 5.000 1.000
2.000 77.000 5.000 1.000
2.000 95.000 5.000 1.000
1.000 5.000 59.000 2.000
1.000 23.000 59.000 2.000
1.000 41.000 59.000 2.000
1.000 77.000 59.000 1.000
1.000 95.000 59.000 2.000
1.000 5.000 77.000 2.000
1.000 23.000 77.000 2.000
1.000 41.000 77.000 1.000
1.000 59.000 77.000 2.000
1.000 95.000 77.000 1.000
1.000 5.000 95.000 1.000
1.000 23.000 95.000 2.000
1.000 41.000 95.000 2.000
1.000 59.000 95.000 1.000
1.000 77.000 95.000 1.000
2.000 5.000 41.000 1.000
2.000 23.000 41.000 2.000
2.000 59.000 41.000 1.000
2.000 77.000 41.000 2.000
2.000 95.000 41.000 2.000
2.000 5.000 23.000 1.000
2.000 41.000 23.000 2.000
2.000 59.000 23.000 2.000
2.000 77.000 23.000 2.000
2.000 95.000 23.000 2.000
2.000 23.000 5.000 2.000
2.000 41.000 5.000 1.000
2.000 59.000 5.000 1.000
2.000 77.000 5.000 1.000
2.000 95.000 5.000 2.000
1.000 5.000 59.000 1.000
1.000 23.000 59.000 1.000
1.000 41.000 59.000 1.000
1.000 77.000 59.000 2.000
1.000 95.000 59.000 1.000
1.000 5.000 77.000 1.000
1.000 23.000 77.000 1.000
1.000 41.000 77.000 1.000
1.000 59.000 77.000 2.000
1.000 95.000 77.000 1.000
1.000 5.000 95.000 1.000
1.000 23.000 95.000 1.000
1.000 41.000 95.000 1.000
1.000 59.000 95.000 1.000
1.000 77.000 95.000 1.000
2.000 5.000 41.000 1.000
2.000 23.000 41.000 2.000
2.000 59.000 41.000 1.000
2.000 77.000 41.000 1.000
2.000 95.000 41.000 1.000
2.000 5.000 23.000 1.000
2.000 41.000 23.000 2.000
2.000 59.000 23.000 2.000
2.000 77.000 23.000 1.000
2.000 95.000 23.000 2.000
2.000 23.000 5.000 1.000
2.000 41.000 5.000 2.000
2.000 59.000 5.000 2.000
2.000 77.000 5.000 2.000
2.000 95.000 5.000 2.000
