0.250 0.250 0.250
1.250 4.250 1.230
1.250 4.250 1.232
1.250 4.250 1.235
1.250 4.250 1.237
1.250 4.250 1.240
1.250 4.250 1.242
1.250 4.250 1.245
1.250 4.250 1.247
1.250 4.250 1.250
1.250 4.250 1.252
1.250 4.250 1.255
1.250 4.250 1.257
1.250 4.250 1.260
1.250 4.250 1.262
1.250 4.250 1.265
1.250 4.250 1.267
1.250 4.250 1.270
1.250 4.250 1.272
1.250 4.250 1.275
1.250 4.250 1.277
1.250 4.250 1.280
1.250 4.250 1.282
1.250 4.250 1.285
1.250 4.250 1.287
1.250 4.250 1.290
1.250 4.250 1.292
1.250 4.250 1.295
1.250 4.250 1.297
1.250 4.250 1.300
1.250 4.250 1.302
1.250 4.250 1.305
1.250 4.250 1.307
1.250 4.250 1.310
1.250 4.250 1.312
1.250 4.250 1.315
1.250 4.250 1.317
1.250 4.250 1.320
1.250 4.250 1.322
1.250 4.250 1.325
1.250 4.250 1.327
1.250 4.250 1.330
1.250 4.250 1.332
1.250 4.250 1.335
1.250 4.250 1.337
1.250 4.250 1.340
1.250 4.250 1.342
1.250 4.250 1.345
1.250 4.250 1.347
1.250 4.250 1.350
1.250 4.250 1.352
1.250 4.250 1.355
1.250 4.250 1.357
1.250 4.250 1.360
1.250 4.250 1.362
1.250 4.250 1.365
1.250 4.250 1.367
1.250 4.250 1.370
1.250 4.250 1.372
1.250 4.250 1.375
1.250 4.250 1.377
1.250 4.250 1.380
1.250 4.250 1.382
1.250 4.250 1.385
1.250 4.250 1.387
1.250 4.250 1.390
1.250 4.250 1.392
1.250 4.250 1.395
1.250 4.250 1.397
1.250 4.250 1.400
1.250 4.250 1.402
1.250 4.250 1.405
1.250 4.250 1.407
1.250 4.250 1.410
1.250 4.250 1.412
1.250 4.250 1.415
1.250 4.250 1.417
1.250 4.250 1.420
1.250 4.250 1.422
1.250 4.250 1.425
1.250 4.250 1.427
1.250 4.250 1.430
1.250 4.250 1.432
1.250 4.250 1.435
1.250 4.250 1.437
1.250 4.250 1.440
1.250 4.250 1.442
1.250 4.250 1.445
1.250 4.250 1.447
1.250 4.250 1.450
1.250 4.250 1.452
1.250 4.250 1.455
1.250 4.250 1.457
1.250 4.250 1.460
1.250 4.250 1.462
1.250 4.250 1.465
1.250 4.250 1.467
1.250 4.250 1.470
1.250 4.250 1.472
1.250 4.250 1.475
1.250 4.250 1.477
1.250 4.250 1.480
1.250 4.250 1.482
1.250 4.250 1.485
1.250 4.250 1.487
1.250 4.250 1.490
1.250 4.250 1.492
1.250 4.250 1.495
1.250 4.250 1.497
1.250 4.250 1.500
1.250 4.250 1.502
1.250 4.250 1.505
1.250 4.250 1.507
1.250 4.250 1.510
1.250 4.250 1.512
1.250 4.250 1.515
1.250 4.250 1.517
1.250 4.250 1.520
1.250 4.250 1.522
1.250 4.250 1.525
1.250 4.250 1.527
1.250 4.250 1.530
1.250 4.250 1.532
1.250 4.250 1.535
1.250 4.250 1.537
1.250 4.250 1.540
1.250 4.250 1.542
1.250 4.250 1.545
1.250 4.250 1.547
1.250 4.250 1.550
1.250 4.250 1.552
1.250 4.250 1.555
1.250 4.250 1.557
1.250 4.250 1.560
1.250 4.250 1.562
1.250 4.250 1.565
1.250 4.250 1.567
1.250 4.250 1.570
1.250 4.250 1.572
1.250 4.250 1.575
1.250 4.250 1.577
1.250 4.250 1.580
1.250 4.250 1.582
1.250 4.250 1.585
1.250 4.250 1.587
1.250 4.250 1.590
1.250 4.250 1.592
1.250 4.250 1.595
1.250 4.250 1.597
1.250 4.250 1.600
1.250 4.250 1.602
1.250 4.250 1.605
1.250 4.250 1.607
1.250 4.250 1.610
1.250 4.250 1.612
1.250 4.250 1.615
1.250 4.250 1.617
1.250 4.250 1.620
1.250 4.250 1.622
1.250 4.250 1.625
1.250 4.250 1.627
1.250 4.250 1.630
1.250 4.250 1.632
1.250 4.250 1.635
1.250 4.250 1.637
1.250 4.250 1.640
1.250 4.250 1.642
1.250 4.250 1.645
1.250 4.250 1.647
1.250 4.250 1.650
1.250 4.250 1.652
1.250 4.250 1.655
1.250 4.250 1.657
1.250 4.250 1.660
1.250 4.250 1.662
1.250 4.250 1.665
1.250 4.250 1.667
1.250 4.250 1.670
1.250 4.250 1.672
1.250 4.250 1.675
1.250 4.250 1.677
1.250 4.250 1.680
1.250 4.250 1.682
1.250 4.250 1.685
1.250 4.250 1.687
1.250 4.250 1.690
1.250 4.250 1.692
1.250 4.250 1.695
1.250 4.250 1.697
1.250 4.250 1.700
1.250 4.250 1.702
1.250 4.250 1.705
1.250 4.250 1.707
1.250 4.250 1.710
1.250 4.250 1.712
1.250 4.250 1.715
1.250 4.250 1.717
1.250 4.250 1.720
1.250 4.250 1.722
1.250 4.250 1.725
1.250 4.250 1.727
1.250 4.250 1.730
1.250 4.250 1.732
1.250 4.250 1.735
1.250 4.250 1.737
1.250 4.250 1.740
1.250 4.250 1.742
1.250 4.250 1.745
1.250 4.250 1.747
1.250 4.250 1.750
1.250 4.250 1.752
1.250 4.250 1.755
1.250 4.250 1.757
1.250 4.250 1.760
1.250 4.250 1.762
1.250 4.250 1.765
1.250 4.250 1.767
1.250 4.250 1.770
1.250 4.250 1.772
1.250 4.250 1.775
1.250 4.250 1.777
1.250 4.250 1.780
1.250 4.250 1.782
1.250 4.250 1.785
1.250 4.250 1.787
1.250 4.250 1.790
1.250 4.250 1.792
1.250 4.250 1.795
1.250 4.250 1.797
1.250 4.250 1.800
1.250 4.250 1.802
1.250 4.250 1.805
1.250 4.250 1.807
1.250 4.250 1.810
1.250 4.250 1.812
1.250 4.250 1.815
1.250 4.250 1.817
1.250 4.250 1.820
1.250 4.250 1.822
1.250 4.250 1.825
1.250 4.250 1.827
1.250 4.250 1.830
1.250 4.250 1.832
1.250 4.250 1.835
1.250 4.250 1.837
1.250 4.250 1.840
1.250 4.250 1.842
1.250 4.250 1.845
1.250 4.250 1.847
1.250 4.250 1.850
1.250 4.250 1.852
1.250 4.250 1.855
1.250 4.250 1.857
1.250 4.250 1.860
1.250 4.250 1.862
1.250 4.250 1.865
1.250 4.250 1.867
1.250 4.250 1.870
1.250 4.250 1.872
1.250 4.250 1.875
1.250 4.250 1.877
1.250 4.250 1.880
1.250 4.250 1.882
1.250 4.250 1.885
1.250 4.250 1.887
1.250 4.250 1.890
1.250 4.250 1.892
1.250 4.250 1.895
1.250 4.250 1.897
1.250 4.250 1.900
1.250 4.250 1.902
1.250 4.250 1.905
1.250 4.250 1.907
1.250 4.250 1.910
1.250 4.250 1.912
1.250 4.250 1.915
1.250 4.250 1.917
1.250 4.250 1.920
1.250 4.250 1.922
1.250 4.250 1.925
1.250 4.250 1.927
1.250 4.250 1.930
1.250 4.250 1.932
1.250 4.250 1.935
1.250 4.250 1.937
1.250 4.250 1.940
1.250 4.250 1.942
1.250 4.250 1.945
1.250 4.250 1.947
1.250 4.250 1.950
1.250 4.250 1.952
1.250 4.250 1.955
1.250 4.250 1.957
1.250 4.250 1.960
1.250 4.250 1.962
1.250 4.250 1.965
1.250 4.250 1.967
1.250 4.250 1.970
1.250 4.250 1.972
1.250 4.250 1.975
1.250 4.250 1.977
1.250 4.250 1.980
1.250 4.250 1.982
1.250 4.250 1.985
1.250 4.250 1.987
1.250 4.250 1.990
1.250 4.250 1.992
1.250 4.250 1.995
1.250 4.250 1.997
1.250 4.250 2.000
1.250 4.250 2.002
1.250 4.250 2.005
1.250 4.250 2.007
1.250 4.250 2.010
1.250 4.250 2.012
1.250 4.250 2.015
1.250 4.250 2.017
1.250 4.250 2.020
1.250 4.250 2.022
1.250 4.250 2.025
1.250 4.250 2.027
1.250 4.250 2.030
1.250 4.250 2.032
1.250 4.250 2.035
1.250 4.250 2.037
1.250 4.250 2.040
1.250 4.250 2.042
1.250 4.250 2.045
1.250 4.250 2.047
1.250 4.250 2.050
1.250 4.250 2.052
1.250 4.250 2.055
1.250 4.250 2.057
1.250 4.250 2.060
1.250 4.250 2.062
1.250 4.250 2.065
1.250 4.250 2.067
1.250 4.250 2.070
1.250 4.250 2.072
1.250 4.250 2.075
1.250 4.250 2.077
1.250 4.250 2.080
1.250 4.250 2.082
1.250 4.250 2.085
1.250 4.250 2.087
1.250 4.250 2.090
1.250 4.250 2.092
1.250 4.250 2.095
1.250 4.250 2.097
1.250 4.250 2.100
1.250 4.250 2.102
1.250 4.250 2.105
1.250 4.250 2.107
1.250 4.250 2.110
1.250 4.250 2.112
1.250 4.250 2.115
1.250 4.250 2.117
1.250 4.250 2.120
1.250 4.250 2.122
1.250 4.250 2.125
1.250 4.250 2.127
1.250 4.250 2.130
1.250 4.250 2.132
1.250 4.250 2.135
1.250 4.250 2.137
1.250 4.250 2.140
1.250 4.250 2.142
1.250 4.250 2.145
1.250 4.250 2.147
1.250 4.250 2.150
1.250 4.250 2.152
1.250 4.250 2.155
1.250 4.250 2.157
1.250 4.250 2.160
1.250 4.250 2.162
1.250 4.250 2.165
1.250 4.250 2.167
1.250 4.250 2.170
1.250 4.250 2.172
1.250 4.250 2.175
1.250 4.250 2.177
1.250 4.250 2.180
1.250 4.250 2.182
1.250 4.250 2.185
1.250 4.250 2.187
1.250 4.250 2.190
1.250 4.250 2.192
1.250 4.250 2.195
1.250 4.250 2.197
1.250 4.250 2.200
1.250 4.250 2.202
1.250 4.250 2.205
1.250 4.250 2.207
1.250 4.250 2.210
1.250 4.250 2.212
1.250 4.250 2.215
1.250 4.250 2.217
1.250 4.250 2.220
1.250 4.250 2.222
1.250 4.250 2.225
1.250 4.250 2.227
1.250 4.250 2.230
1.250 4.250 2.232
1.250 4.250 2.235
1.250 4.250 2.237
1.250 4.250 2.240
1.250 4.250 2.242
1.250 4.250 2.245
1.250 4.250 2.247
1.250 4.250 2.250
1.250 4.250 2.252
1.250 4.250 2.255
1.250 4.250 2.257
1.250 4.250 2.260
1.250 4.250 2.262
1.250 4.250 2.265
1.250 4.250 2.267
1.250 4.250 2.270
1.250 4.250 2.272
1.250 4.250 2.275
1.250 4.250 2.277
1.250 4.250 2.280
1.250 4.250 2.282
1.250 4.250 2.285
1.250 4.250 2.287
1.250 4.250 2.290
1.250 4.250 2.292
1.250 4.250 2.295
1.250 4.250 2.297
1.250 4.250 2.300
1.250 4.250 2.302
1.250 4.250 2.305
1.250 4.250 2.307
1.250 4.250 2.310
1.250 4.250 2.312
1.250 4.250 2.315
1.250 4.250 2.317
1.250 4.250 2.320
1.250 4.250 2.322
1.250 4.250 2.325
1.250 4.250 2.327
1.250 4.250 2.330
1.250 4.250 2.332
1.250 4.250 2.335
1.250 4.250 2.337
1.250 4.250 2.340
1.250 4.250 2.342
1.250 4.250 2.345
1.250 4.250 2.347
1.250 4.250 2.350
1.250 4.250 2.352
1.250 4.250 2.355
1.250 4.250 2.357
1.250 4.250 2.360
1.250 4.250 2.362
1.250 4.250 2.365
1.250 4.250 2.367
1.250 4.250 2.370
1.250 4.250 2.372
1.250 4.250 2.375
1.250 4.250 2.377
1.250 4.250 2.380
1.250 4.250 2.382
1.250 4.250 2.385
1.250 4.250 2.387
1.250 4.250 2.390
1.250 4.250 2.392
1.250 4.250 2.395
1.250 4.250 2.397
1.250 4.250 2.400
1.250 4.250 2.402
1.250 4.250 2.405
1.250 4.250 2.407
1.250 4.250 2.410
1.250 4.250 2.412
1.250 4.250 2.415
1.250 4.250 2.417
1.250 4.250 2.420
1.250 4.250 2.422
1.250 4.250 2.425
1.250 4.250 2.427
1.250 4.250 2.430
1.250 4.250 2.432
1.250 4.250 2.435
1.250 4.250 2.437
1.250 4.250 2.440
1.250 4.250 2.442
1.250 4.250 2.445
1.250 4.250 2.447
1.250 4.250 2.450
1.250 4.250 2.452
1.250 4.250 2.455
1.250 4.250 2.457
1.250 4.250 2.460
1.250 4.250 2.462
1.250 4.250 2.465
1.250 4.250 2.467
1.250 4.250 2.470
1.250 4.250 2.472
1.250 4.250 2.475
1.250 4.250 2.477
1.250 4.250 2.480
1.250 4.250 2.482
1.250 4.250 2.485
1.250 4.250 2.487
1.250 4.250 2.490
1.250 4.250 2.492
1.250 4.250 2.495
1.250 4.250 2.497
1.250 4.250 2.500
1.250 4.250 2.502
1.250 4.250 2.505
1.250 4.250 2.507
1.250 4.250 2.510
1.250 4.250 2.512
1.250 4.250 2.515
1.250 4.250 2.517
1.250 4.250 2.520
1.250 4.250 2.522
1.250 4.250 2.525
1.250 4.250 2.527
1.250 4.250 2.530
1.250 4.250 2.532
1.250 4.250 2.535
1.250 4.250 2.537
1.250 4.250 2.540
1.250 4.250 2.542
1.250 4.250 2.545
1.250 4.250 2.547
1.250 4.250 2.550
1.250 4.250 2.552
1.250 4.250 2.555
1.250 4.250 2.557
1.250 4.250 2.560
1.250 4.250 2.562
1.250 4.250 2.565
1.250 4.250 2.567
1.250 4.250 2.570
1.250 4.250 2.572
1.250 4.250 2.575
1.250 4.250 2.577
1.250 4.250 2.580
1.250 4.250 2.582
1.250 4.250 2.585
1.250 4.250 2.587
1.250 4.250 2.590
1.250 4.250 2.592
1.250 4.250 2.595
1.250 4.250 2.597
1.250 4.250 2.600
1.250 4.250 2.602
1.250 4.250 2.605
1.250 4.250 2.607
1.250 4.250 2.610
1.250 4.250 2.612
1.250 4.250 2.615
1.250 4.250 2.617
1.250 4.250 2.620
1.250 4.250 2.622
1.250 4.250 2.625
1.250 4.250 2.627
1.250 4.250 2.630
1.250 4.250 2.632
1.250 4.250 2.635
1.250 4.250 2.637
1.250 4.250 2.640
1.250 4.250 2.642
1.250 4.250 2.645
1.250 4.250 2.647
1.250 4.250 2.650
1.250 4.250 2.652
1.250 4.250 2.655
1.250 4.250 2.657
1.250 4.250 2.660
1.250 4.250 2.662
1.250 4.250 2.665
1.250 4.250 2.667
1.250 4.250 2.670
1.250 4.250 2.672
1.250 4.250 2.675
1.250 4.250 2.677
1.250 4.250 2.680
1.250 4.250 2.682
1.250 4.250 2.685
1.250 4.250 2.687
1.250 4.250 2.690
1.250 4.250 2.692
1.250 4.250 2.695
1.250 4.250 2.697
1.250 4.250 2.700
1.250 4.250 2.702
1.250 4.250 2.705
1.250 4.250 2.707
1.250 4.250 2.710
1.250 4.250 2.712
1.250 4.250 2.715
1.250 4.250 2.717
1.250 4.250 2.720
1.250 4.250 2.722
1.250 4.250 2.725
1.250 4.250 2.727
1.250 4.250 2.730
1.250 4.250 2.732
1.250 4.250 2.735
1.250 4.250 2.737
1.250 4.250 2.740
1.250 4.250 2.742
1.250 4.250 2.745
1.250 4.250 2.747
1.250 4.250 2.750
1.250 4.250 2.752
1.250 4.250 2.755
1.250 4.250 2.757
1.250 4.250 2.760
1.250 4.250 2.762
1.250 4.250 2.765
1.250 4.250 2.767
1.250 4.250 2.770
1.250 4.250 2.772
1.250 4.250 2.775
1.250 4.250 2.777
1.250 4.250 2.780
1.250 4.250 2.782
1.250 4.250 2.785
1.250 4.250 2.787
1.250 4.250 2.790
1.250 4.250 2.792
1.250 4.250 2.795
1.250 4.250 2.797
1.250 4.250 2.800
1.250 4.250 2.802
1.250 4.250 2.805
1.250 4.250 2.807
1.250 4.250 2.810
1.250 4.250 2.812
1.250 4.250 2.815
1.250 4.250 2.817
1.250 4.250 2.820
1.250 4.250 2.822
1.250 4.250 2.825
1.250 4.250 2.827
1.250 4.250 2.830
1.250 4.250 2.832
1.250 4.250 2.835
1.250 4.250 2.837
1.250 4.250 2.840
1.250 4.250 2.842
1.250 4.250 2.845
1.250 4.250 2.847
1.250 4.250 2.850
1.250 4.250 2.852
1.250 4.250 2.855
1.250 4.250 2.857
1.250 4.250 2.860
1.250 4.250 2.862
1.250 4.250 2.865
1.250 4.250 2.867
1.250 4.250 2.870
1.250 4.250 2.872
1.250 4.250 2.875
1.250 4.250 2.877
1.250 4.250 2.880
1.250 4.250 2.882
1.250 4.250 2.885
1.250 4.250 2.887
1.250 4.250 2.890
1.250 4.250 2.892
1.250 4.250 2.895
1.250 4.250 2.897
1.250 4.250 2.900
1.250 4.250 2.902
1.250 4.250 2.905
1.250 4.250 2.907
1.250 4.250 2.910
1.250 4.250 2.912
1.250 4.250 2.915
1.250 4.250 2.917
1.250 4.250 2.920
1.250 4.250 2.922
1.250 4.250 2.925
1.250 4.250 2.927
1.250 4.250 2.930
1.250 4.250 2.932
1.250 4.250 2.935
1.250 4.250 2.937
1.250 4.250 2.940
1.250 4.250 2.942
1.250 4.250 2.945
1.250 4.250 2.947
1.250 4.250 2.950
1.250 4.250 2.952
1.250 4.250 2.955
1.250 4.250 2.957
1.250 4.250 2.960
1.250 4.250 2.962
1.250 4.250 2.965
1.250 4.250 2.967
1.250 4.250 2.970
1.250 4.250 2.972
1.250 4.250 2.975
1.250 4.250 2.977
1.250 4.250 2.980
1.250 4.250 2.982
1.250 4.250 2.985
1.250 4.250 2.987
1.250 4.250 2.990
1.250 4.250 2.992
1.250 4.250 2.995
1.250 4.250 2.997
1.250 4.250 3.000
1.250 4.250 3.002
1.250 4.250 3.005
1.250 4.250 3.007
1.250 4.250 3.010
1.250 4.250 3.012
1.250 4.250 3.015
1.250 4.250 3.017
1.250 4.250 3.020
1.250 4.250 3.022
1.250 4.250 3.025
1.250 4.250 3.027
1.250 4.250 3.030
1.250 4.250 3.032
1.250 4.250 3.035
1.250 4.250 3.037
1.250 4.250 3.040
1.250 4.250 3.042
1.250 4.250 3.045
1.250 4.250 3.047
1.250 4.250 3.050
1.250 4.250 3.052
1.250 4.250 3.055
1.250 4.250 3.057
1.250 4.250 3.060
1.250 4.250 3.062
1.250 4.250 3.065
1.250 4.250 3.067
1.250 4.250 3.070
1.250 4.250 3.072
1.250 4.250 3.075
1.250 4.250 3.077
1.250 4.250 3.080
1.250 4.250 3.082
1.250 4.250 3.085
1.250 4.250 3.087
1.250 4.250 3.090
1.250 4.250 3.092
1.250 4.250 3.095
1.250 4.250 3.097
1.250 4.250 3.100
1.250 4.250 3.102
1.250 4.250 3.105
1.250 4.250 3.107
1.250 4.250 3.110
1.250 4.250 3.112
1.250 4.250 3.115
1.250 4.250 3.117
1.250 4.250 3.120
1.250 4.250 3.122
1.250 4.250 3.125
1.250 4.250 3.127
1.250 4.250 3.130
1.250 4.250 3.132
1.250 4.250 3.135
1.250 4.250 3.137
1.250 4.250 3.140
1.250 4.250 3.142
1.250 4.250 3.145
1.250 4.250 3.147
1.250 4.250 3.150
1.250 4.250 3.152
1.250 4.250 3.155
1.250 4.250 3.157
1.250 4.250 3.160
1.250 4.250 3.162
1.250 4.250 3.165
1.250 4.250 3.167
1.250 4.250 3.170
1.250 4.250 3.172
1.250 4.250 3.175
1.250 4.250 3.177
1.250 4.250 3.180
1.250 4.250 3.182
1.250 4.250 3.185
1.250 4.250 3.187
1.250 4.250 3.190
1.250 4.250 3.192
1.250 4.250 3.195
1.250 4.250 3.197
1.250 4.250 3.200
1.250 4.250 3.202
1.250 4.250 3.205
1.250 4.250 3.207
1.250 4.250 3.210
1.250 4.250 3.212
1.250 4.250 3.215
1.250 4.250 3.217
1.250 4.250 3.220
1.250 4.250 3.222
1.250 4.250 3.225
1.250 4.250 3.227
1.250 4.250 3.230
1.250 4.250 3.232
1.250 4.250 3.235
1.250 4.250 3.237
1.250 4.250 3.240
1.250 4.250 3.242
1.250 4.250 3.245
1.250 4.250 3.247
1.250 4.250 3.250
1.250 4.250 3.252
1.250 4.250 3.255
1.250 4.250 3.257
1.250 4.250 3.260
1.250 4.250 3.262
1.250 4.250 3.265
1.250 4.250 3.267
1.250 4.250 3.270
1.250 4.250 3.272
1.250 4.250 3.275
1.250 4.250 3.277
1.250 4.250 3.280
1.250 4.250 3.282
1.250 4.250 3.285
1.250 4.250 3.287
1.250 4.250 3.290
1.250 4.250 3.292
1.250 4.250 3.295
1.250 4.250 3.297
1.250 4.250 3.300
1.250 4.250 3.302
1.250 4.250 3.305
1.250 4.250 3.307
1.250 4.250 3.310
1.250 4.250 3.312
1.250 4.250 3.315
1.250 4.250 3.317
1.250 4.250 3.320
1.250 4.250 3.322
1.250 4.250 3.325
1.250 4.250 3.327
1.250 4.250 3.330
1.250 4.250 3.332
1.250 4.250 3.335
1.250 4.250 3.337
1.250 4.250 3.340
1.250 4.250 3.342
1.250 4.250 3.345
1.250 4.250 3.347
1.250 4.250 3.350
1.250 4.250 3.352
1.250 4.250 3.355
1.250 4.250 3.357
1.250 4.250 3.360
1.250 4.250 3.362
1.250 4.250 3.365
1.250 4.250 3.367
1.250 4.250 3.370
1.250 4.250 3.372
1.250 4.250 3.375
1.250 4.250 3.377
1.250 4.250 3.380
1.250 4.250 3.382
1.250 4.250 3.385
1.250 4.250 3.387
1.250 4.250 3.390
1.250 4.250 3.392
1.250 4.250 3.395
1.250 4.250 3.397
1.250 4.250 3.400
1.250 4.250 3.402
1.250 4.250 3.405
1.250 4.250 3.407
1.250 4.250 3.410
1.250 4.250 3.412
1.250 4.250 3.415
1.250 4.250 3.417
1.250 4.250 3.420
1.250 4.250 3.422
1.250 4.250 3.425
1.250 4.250 3.427
1.250 4.250 3.430
1.250 4.250 3.432
1.250 4.250 3.435
1.250 4.250 3.437
1.250 4.250 3.440
1.250 4.250 3.442
1.250 4.250 3.445
1.250 4.250 3.447
1.250 4.250 3.450
1.250 4.250 3.452
1.250 4.250 3.455
1.250 4.250 3.457
1.250 4.250 3.460
1.250 4.250 3.462
1.250 4.250 3.465
1.250 4.250 3.467
1.250 4.250 3.470
1.250 4.250 3.472
1.250 4.250 3.475
1.250 4.250 3.477
1.250 4.250 3.480
1.250 4.250 3.482
1.250 4.250 3.485
1.250 4.250 3.487
1.250 4.250 3.490
1.250 4.250 3.492
1.250 4.250 3.495
1.250 4.250 3.497
1.250 4.250 3.500
1.250 4.250 3.502
1.250 4.250 3.505
1.250 4.250 3.507
1.250 4.250 3.510
1.250 4.250 3.512
1.250 4.250 3.515
1.250 4.250 3.517
1.250 4.250 3.520
1.250 4.250 3.522
1.250 4.250 3.525
1.250 4.250 3.527
1.250 4.250 3.530
1.250 4.250 3.532
1.250 4.250 3.535
1.250 4.250 3.537
1.250 4.250 3.540
1.250 4.250 3.542
1.250 4.250 3.545
1.250 4.250 3.547
1.250 4.250 3.550
