1 -11.2500 33.7500
1 11.2500 33.7500
1 33.7500 33.7500
1 11.2500 11.2500
1 -11.2500 11.2500
1 -11.2500 56.2500
1 11.2500 56.2500
1 33.7500 56.2500
1 56.2500 56.2500
1 -11.2500 -11.2500
1 -11.2500 78.7500
1 11.2500 78.7500
1 33.7500 78.7500
1 56.2500 78.7500
1 78.7500 78.7500
2 101.2500 33.7500
2 78.7500 33.7500
2 56.2500 11.2500
2 78.7500 11.2500
2 101.2500 11.2500
2 101.2500 56.2500
2 33.7500 -11.2500
2 56.2500 -11.2500
2 78.7500 -11.2500
2 101.2500 -11.2500
2 11.2500 -33.7500
2 33.7500 -33.7500
2 56.2500 -33.7500
2 78.7500 -33.7500
2 101.2500 -33.7500
1 -11.2500 33.7500
1 11.2500 33.7500
1 33.7500 33.7500
1 11.2500 11.2500
1 -11.2500 11.2500
1 -11.2500 56.2500
1 11.2500 56.2500
1 33.7500 56.2500
1 56.2500 56.2500
1 -11.2500 -11.2500
1 -11.2500 78.7500
1 11.2500 78.7500
1 33.7500 78.7500
1 56.2500 78.7500
1 78.7500 78.7500
2 101.2500 33.7500
2 78.7500 33.7500
2 56.2500 11.2500
2 78.7500 11.2500
2 101.2500 11.2500
2 101.2500 56.2500
2 33.7500 -11.2500
2 56.2500 -11.2500
2 78.7500 -11.2500
2 101.2500 -11.2500
2 11.2500 -33.7500
2 33.7500 -33.7500
2 56.2500 -33.7500
2 78.7500 -33.7500
2 101.2500 -33.7500
1 -11.2500 33.7500
1 11.2500 33.7500
1 33.7500 33.7500
1 11.2500 11.2500
1 -11.2500 11.2500
1 -11.2500 56.2500
1 11.2500 56.2500
1 33.7500 56.2500
1 56.2500 56.2500
1 -11.2500 -11.2500
1 -11.2500 78.7500
1 11.2500 78.7500
1 33.7500 78.7500
1 56.2500 78.7500
1 78.7500 78.7500
2 101.2500 33.7500
2 78.7500 33.7500
2 56.2500 11.2500
2 78.7500 11.2500
2 101.2500 11.2500
2 101.2500 56.2500
2 33.7500 -11.2500
2 56.2500 -11.2500
2 78.7500 -11.2500
2 101.2500 -11.2500
2 11.2500 -33.7500
2 33.7500 -33.7500
2 56.2500 -33.7500
2 78.7500 -33.7500
2 101.2500 -33.7500
1 -11.2500 33.7500
1 11.2500 33.7500
1 33.7500 33.7500
1 11.2500 11.2500
1 -11.2500 11.2500
1 -11.2500 56.2500
1 11.2500 56.2500
1 33.7500 56.2500
1 56.2500 56.2500
1 -11.2500 -11.2500
1 -11.2500 78.7500
1 11.2500 78.7500
1 33.7500 78.7500
1 56.2500 78.7500
1 78.7500 78.7500
2 101.2500 33.7500
2 78.7500 33.7500
2 56.2500 11.2500
2 78.7500 11.2500
2 101.2500 11.2500
2 101.2500 56.2500
2 33.7500 -11.2500
2 56.2500 -11.2500
2 78.7500 -11.2500
2 101.2500 -11.2500
2 11.2500 -33.7500
2 33.7500 -33.7500
2 56.2500 -33.7500
2 78.7500 -33.7500
2 101.2500 -33.7500
1 -11.2500 33.7500
1 11.2500 33.7500
1 33.7500 33.7500
1 11.2500 11.2500
1 -11.2500 11.2500
1 -11.2500 56.2500
1 11.2500 56.2500
1 33.7500 56.2500
1 56.2500 56.2500
1 -11.2500 -11.2500
1 -11.2500 78.7500
1 11.2500 78.7500
1 33.7500 78.7500
1 56.2500 78.7500
1 78.7500 78.7500
2 101.2500 33.7500
2 78.7500 33.7500
2 56.2500 11.2500
2 78.7500 11.2500
2 101.2500 11.2500
2 101.2500 56.2500
2 33.7500 -11.2500
2 56.2500 -11.2500
2 78.7500 -11.2500
2 101.2500 -11.2500
2 11.2500 -33.7500
2 33.7500 -33.7500
2 56.2500 -33.7500
2 78.7500 -33.7500
2 101.2500 -33.7500
1 -11.2500 33.7500
1 11.2500 33.7500
1 33.7500 33.7500
1 11.2500 11.2500
1 -11.2500 11.2500
1 -11.2500 56.2500
1 11.2500 56.2500
1 33.7500 56.2500
1 56.2500 56.2500
1 -11.2500 -11.2500
1 -11.2500 78.7500
1 11.2500 78.7500
1 33.7500 78.7500
1 56.2500 78.7500
1 78.7500 78.7500
2 101.2500 33.7500
2 78.7500 33.7500
2 56.2500 11.2500
2 78.7500 11.2500
2 101.2500 11.2500
2 101.2500 56.2500
2 33.7500 -11.2500
2 56.2500 -11.2500
2 78.7500 -11.2500
2 101.2500 -11.2500
2 11.2500 -33.7500
2 33.7500 -33.7500
2 56.2500 -33.7500
2 78.7500 -33.7500
2 101.2500 -33.7500
1 -11.2500 33.7500
1 11.2500 33.7500
1 33.7500 33.7500
1 11.2500 11.2500
1 -11.2500 11.2500
1 -11.2500 56.2500
1 11.2500 56.2500
1 33.7500 56.2500
1 56.2500 56.2500
1 -11.2500 -11.2500
1 -11.2500 78.7500
1 11.2500 78.7500
1 33.7500 78.7500
1 56.2500 78.7500
1 78.7500 78.7500
2 101.2500 33.7500
2 78.7500 33.7500
2 56.2500 11.2500
2 78.7500 11.2500
2 101.2500 11.2500
2 101.2500 56.2500
2 33.7500 -11.2500
2 56.2500 -11.2500
2 78.7500 -11.2500
2 101.2500 -11.2500
2 11.2500 -33.7500
2 33.7500 -33.7500
2 56.2500 -33.7500
2 78.7500 -33.7500
2 101.2500 -33.7500